-7.240722763319978 9.39644903670413
-3.1717473795722295 -4.202541296965623
6.225155342756384 -8.624526705870672
-1.1927761629985127 0.7240563013053976
-5.651336024762335 6.326197359949589
-1.5906421377605273 -4.269203208952861
-4.358267703610956 -9.988108947665808
2.44498368074221 5.587171056459022
0.4615156394390496 1.161782381236316
8.7956738906867 9.819079044954933
-2.704115747971347 -2.7685398306194653
-1.6198478026780592 2.382819272512954
-5.588141096487389 -9.437472461646614
2.3033581525490536 8.190918941291411
9.342805890975892 -7.450370536346
5.207508208793481 -3.9456006523975677
5.0414317483948246 -5.117405533516639
-5.8751392376990434 -8.619041395506144
-7.166176798142237 -4.254068748394433
-6.724866712563172 -9.166474889308066
-2.6353297435666656 -7.47515526030563
4.08604331275887 -1.926065880457779
-3.703909264036735 8.363605680604259
4.267705251976448 3.745290996034159
-3.3756481506109477 -4.672381343449599
-6.033503589874549 -6.923213192490232
7.1690608066306005 -1.9433629780653217
-6.816581360548781 0.9478149601232282
9.446577306779243 -5.917832777253005
-0.3706287658712135 8.92177307760996
0.40094707478304237 -2.7819556507524528
3.8056601497005023 -6.350195258967979
1.2117914879039127 8.636052341703905
-6.22414277194971 -8.321024551072313
7.7626720920669 -1.3068298025326097
-7.436766083133303 7.628977231875211
-9.687188722806269 -6.429984776743634
3.077165348270114 -4.760271886757009
5.582080173867423 -5.74661434792066
8.224197541603733 6.989404237016604
9.094840961164213 -6.152478832014716
7.363800591447031 1.1104600908767814
-0.2146866582279756 -2.79005611383967
8.718379300076997 9.48766122477086
0.8189266963498625 9.059048664520532
-5.752862640631175 -8.569547141385907
3.941290986626605 9.458189246879975
9.292554817824247 3.131366045158508
-4.034323844465659 9.757818964105187
7.071485937974778 -7.883016590420009
0.852040249395305 9.201314222679294
-2.974962685822087 4.778816823753083
-1.6439732437143668 -1.149095558508602
-6.827752957284911 -6.212182661684054
0.5409584850935989 6.700586735501595
-5.189815536245517 2.5084812402316246
3.19495577156421 -5.226639507393558
1.91114722605462 -3.46803201515808
0.6357874919735433 3.309935880648032
9.506507055528076 -5.9987999251029915
0.8751486476133508 -2.378386850283438
-6.144237547022408 5.532919894537184
-1.8162954312094381 -1.7035680200701826
4.344818572951009 0.9664628672919946
7.774279781002228 -2.293354014713966
-6.3014185888018925 9.699315277269108
-0.5115089889042324 -7.2626668225257625
-9.948583475588535 -5.17391784872014
-4.251109796346688 3.8486861265551653
-2.598077745798899 5.1161613064657185
-5.543738938492632 -7.428070280605841
-6.702099962719483 -6.971663037218527
8.183314246474296 -2.4706021915952014
-9.758262517397807 4.10368204958646
-8.215805782865882 -2.1802310126846614
4.115021872724906 8.26066502048393
9.977116684936625 1.8751182822196668
2.574493151039853 -2.013821755285603
9.886809032700373 -7.086906586819987
5.481701081895803 8.108232755104087
-7.793011906814089 6.838029181535866
-6.519045053580617 -3.2251586563466406
-6.400860405709001 6.3977872681935075
-5.882640589404464 -6.968273060834815
-9.701363618943319 -9.516395182114955
2.0165283602168067 5.151405637641782
2.9603404704977336 4.859610603190079
-5.348183902030295 -0.15163439266143008
-3.649932463448553 -3.701043357685327
-4.679662900101935 7.630549034581392
5.093532142268767 4.91765195604245
-2.3279959864394844 3.4401159946621096
5.863068717126019 5.163817717033261
6.603974383943175 3.2960453179483693
2.164883669372305 8.71843253805202
-3.067961666938455 -5.212967381350648
-6.533203663760072 3.4939635779916216
-7.961301251450134 6.277230210077736
-2.2919207339234715 -4.52527093753222
-5.248112646864007 9.555762759930833
1.6139714929927393 -1.0061764386282572
-5.650311689315024 -8.905779247038856
-0.23378509611006493 6.142202530259414
2.020460446042886 6.411297920791469
-3.1500651763266774e-2 4.46228541006726
-2.07563777708085 0.841993900766143
7.041691700656884 9.291872575234702
2.0498346250178816 -0.7275197861389859
7.8373882723870665 -8.924252766508424
8.921138079378515 4.509319444118464
-3.3493169323046406 4.646761051357878
-7.58512532322813 9.699616118825507
6.867464253473756 -2.584287451551372
3.0134600610215543 -4.114520492092268
7.836841095664099 5.664188048011919
4.614486710870327 -1.3630928056570735
9.985224139451844 -1.1778311323337558
-4.269461900859075 -6.269079470274321
3.7709687596810504 -7.9150702113326865
-1.2067460976012114 9.694164644691824
2.6721103781437847 4.212819897829373
-3.8379421721041123 7.637907652248032
-3.5337751828363606 4.013319294759601
-2.2893416529729897 -8.479885298493667
-4.777533957219122 -5.312574271317791
-6.276715961005294 1.360487154974253
4.42173242178524 -4.319530332483104
0.9271328077868048 9.63202844046528
1.9163418560576222 1.9351138359728317
-3.1734213201619195 -3.340963379580275
1.7374343848611176 -5.346247938109228
-9.913276807081914 -3.708542692756862
-0.20858539034858836 -6.2283015304988965
-9.500851345971311 -0.6274981510648878
5.339555995682101 -2.4546591603511843
9.835008311558411 -9.017840441285408
-3.059291348730633 3.494583481136985
-6.280610034388485 9.219117037086484
5.646250599982745 7.551084952857174
5.982909443995741 3.0774281351689385
1.0860271232809016 3.3996075960382477
1.4732124076008084 3.028357710873543
6.725336260020946 4.926823391635249
-3.8686034171393686 -5.724843199987008
9.56851268543208 -2.8016493450917235
3.5887027240404983 -5.173313109743411
-9.116348577527658 -1.765555649418566
-9.857406477371436 -2.472300594187904
-3.1316068228087897 -2.2361728153562215
-8.373712007551905 -3.6693874535955047
-5.134611859491627 -8.38143341684081
-3.8561584896514507 -9.427037268376688
9.352228718186172 5.651632961146412
-6.781833747802097 9.917468205756645
-3.199498110288679 2.879629806767255
4.323556721017908 4.023254494381863
7.043495469908031 -2.333993592809078
-2.3999076584016032 3.1876258680151803
-2.508139826437641 -7.152427983778649
7.994558450578808 -2.6190684941901665
-0.14801059560446106 9.871263816498733
-6.09303121440985 2.746446403149312
1.143438632435199 1.872871307007351
-6.138779923023721 -2.781496029788171
9.81023316918716 2.5306856752867795
-9.695318239828856 7.846027400220446
-8.492270088392797 5.288252725075218
1.7004071654331288 4.46303691010174
2.7488088088478513 2.545756032503661
9.280242775169079e-2 6.138026526812389
7.74854860575083 -2.099368926428193
-1.0675087009430797 -6.464381579740626
9.522406478400566 -4.448565053153512
5.859506952025519 1.49264334561086
2.9029800318076564 -2.3634993586195048
-0.4479987978665445 4.334512645337247
7.721861810257714 1.569632960992994
9.785002262195665 -1.7997068923159567
0.8109116646288648 0.5965848296944607
-8.552295520495237 -9.828533980445513
-5.536024542181554 1.195196787429012
-9.05958315914409 4.600211192329011
0.6971902100910583 -3.7782964887886994
-4.18536051577969 3.441799769910636
0.9251212171770327 0.39261557444943307
-2.431189412320485 2.4750682208347676
-9.68998965595465 -3.1882434347728967
1.011236554372294 -3.837679459843695
-9.933493716271096 -7.0050602560680915
7.366193889725352 -2.990012158476971
-4.95202591595471 9.72679829542643
4.1270873642200065 -9.73649297688456
1.9433447894027829 -6.4505791497713165
-5.242621000162957 0.11031049327542775
3.927050556593379 -1.9044814291322503
2.1004167343389835 -6.120217769843716
-8.031293818486152 2.958725064601836
5.561930112761466 4.707426247542754
-2.5860975528183676 9.702071582560507
4.604525269997367 8.715410700618229
-5.812437033015973 -8.0289702873643
4.678686904077038 4.869772735700945
3.8950053714180477 -8.92430358346199
4.9478733533237556 -3.6738127754375016
3.6133476905465063 -4.358859696678863e-2
1.376992615527616 4.438802445694275
-0.19680952468661594 9.376713920671683
1.4793522750321149 9.663390110980021
-8.80108886523768 3.2495766955269687
-6.42822555680703 6.778973213529316
-2.8675466944830124 -5.839683494226875
-7.5185511643880565 -9.133295729454083
-6.845305637052707 -6.508920410381407
-7.479411421730218 -0.5900481652820648
-1.5818031137806248 4.875525127889208
0.7981696194079202 -1.0177092331846556
-1.6582475294163412 8.035045937973862
6.854983715902019 2.2424714686482083
5.321392388949857 -3.43158173120238
-9.077183480093467 2.734148631443569
4.237512635545716 -8.994347589102736
-8.830507608542932 2.3157217814429814
-7.899119141875928 -5.676726450917875
-7.81196310860272 -6.510574682859822
-4.816325101868459 0.19747762803273972
-4.242632048042607 6.575186318029743
9.506493981412966 0.5576564935294055
1.7459200603633551 -0.3011102968327144
-0.44834903712211727 -0.3582425094426984
-4.548790895371244 9.430047570236969
-7.197781649360959 -1.604386560604743
-1.1394873170771085 -1.4174173071926877
7.566097627839554 -5.657355700825155
1.7331205674715875 -1.9254550224352958
-4.5216124950923415 9.886734921797668
-3.827052751395934 5.680984886325692
-2.537243640672349 1.9961139153617076
2.5335124577253954 -5.322268716169843
-7.680305342645239 -3.1980373544978358
-8.975387391446548 -4.5130563348360475
-3.8945394246582454 -8.577308081354742
-3.849674288793919 -7.8728185250561245
0.8716830505489721 -8.76027858249806
4.593548098457658 -2.5990989740376307
-8.731747905576889 7.22935179243435
7.741574162194521 8.997501509594453
7.172252694270934 -0.9732690122998342
9.76005689176721 9.526282181293666
-5.3563972489465765 5.581076805341054
2.875314377580498 -3.0845329149580847
1.935432689642763 2.1379524747206187
-8.392309498582309 3.7995264793925987
0.4298110690717838 -9.342508077523188
6.401674442989169 -6.321870364237039
-3.0523120710093448 -7.147193220732751
7.32286960032431 -1.7159591124750673
9.028659965561353 9.96551794897205
4.318126794548981 2.9105071279643866
9.192339090689213 -5.1245551695494385
2.1310646490776985 9.43929824689112
-4.230901451635587 -9.652016768376292
3.9886599785893413 -7.787992751193727
6.644661476464872 6.433098778790622
6.89365251726942 8.20813702594122
2.6489987472982417 -4.934410248998519
-3.9425268384883116 -4.563795493384597
-4.615971192068013 -2.7015321719288306
-0.5142542572008644 7.7860146188588
2.020004379716923 9.655675081667347
-1.6592332075370528 2.8104354354069443
-9.994021253877406 -6.789215385228166
-9.32760109324698 3.512202425586654
-7.312337882926068 -1.2258331775608244
-3.431947889414313 5.1198649985093745
-9.14702308611204 -3.052238966435694
-6.353766728022849 2.118720628915156
-8.027626642254525 4.590847452201123
3.5744629786621847 1.4682429124128298
4.603104863950509 -6.262118561860735
-1.4304396838410653 5.009250773855571
-6.5370832081824215 1.4401159695064152
6.1682636079047946 3.8042127671257866
-7.658916644048485 7.650911931688903
-4.333485248517583 9.938627367516265
-7.843416213988452 -0.6372776329629382
9.757942444351567 1.4478274318280917
6.976623553942513 5.610513086578898
2.8041103099931775 -4.5356409104161095
7.941177318209931 1.0545806304639456
9.6034470718809 5.149593019985254
9.602779252260596 6.790274169806917
3.1143072570239188 9.54833653107558
-5.8194134074807025 7.4343203388800525
-4.621982034035737 -6.001748383430097
6.132269423578752 6.753254972102727
-7.777831913192768 5.296673686134131
-5.34021624394043 1.9114450947947255
-5.337934603168872 -5.532035282484076
5.7531158823757025 7.265786096607659
1.3022858792103307 4.145092779052067
-2.0092599736482075 -6.016015070223684
2.224479585071421 -0.28651074825909184
-3.158112931456298 4.833185436986261
4.355664537629059 -0.7819630301405827
-3.98217055673193 -3.5616815583534134
3.307298396651259 -7.046846134031517
-9.1015077407182 -8.55226398390565
3.225078240395563 8.380645657430815
-0.46207097448142065 -7.978176389693954
-4.0153610386690275 5.228516621966595
-8.09907914496429 -5.942690710410467
7.582879631917251 1.431798218380349
7.263455589171542 -2.971351917687728
3.0402066780626633 3.291634621188418
-5.082990141591122 -2.7403446293635847
-3.274644302259542 -4.991685080118908
-9.565091867721037 -7.823915041039107
-1.7159789633921037 6.780158942363698
-5.91554059447798 2.6268930645982547
7.5966066739226825 2.1468554724790714
-1.1803444265925087 3.459052055259944
-5.613741689031631 -2.4992911291967275
-9.212835202636192 2.640799712724288
6.992484894838146 2.6497131388236177
7.987773469736911 6.239434177390454
7.426601760049316 -8.092838891857102
0.45427826874547783 -7.355786737204264
-2.2463644092988115 5.790414180162314
3.9690643373109147 -1.1827490299338663
-5.210188357321524 6.805435779576872
5.918680418323154 -9.447779295209644
-4.382378318321254 8.6145636189882
-8.231650752941668 0.2645927973653439
6.146397462360515 -2.9264873009581667
2.890680298041202 9.892658756721335
9.954932434515623 9.519832391648766
2.9121217392791436 -8.26514272690283
9.652932357962335 6.974626824776028
8.946062089615566 -5.060439845750078
-1.0281639820399473 4.508453521795733
-3.1178849769058985 0.25800805437845753
-4.064050564933712 -5.605341538654452
4.981353243829702 6.916234870601151
9.587796709662882 -7.463176177186348e-2
-3.5586441858464664 -0.2119266719097812
9.875431756019118 -7.516314177466866
-2.027254553055613e-2 8.287867969903683
3.774705849048491 -6.264302406360633
-7.364426998663555 -7.964737911173614
3.6750143340935075 0.943236404332259
7.536397409553555 -1.5421469572939746
-5.034752328561607 6.154206604116997
7.15418808082347 -6.266640561298134
-1.954654422384177 1.1422735563641595e-2
-7.646673743649588 5.107143265406995
-0.4936334672468785 -0.8752468105266829
-5.75490892442561 -4.749779319096761
-0.8795320415306396 -9.419190687370095
-8.7144235461553 5.605486302538388
9.427081799350134 -3.891470640705405
3.351496847698648 4.353534454113756
1.186933107693271 3.618770775526695
2.8784730273364403 6.897617448659975
-1.4659585737508323 7.979301670713813
6.156483797800746 6.313943366201325
-8.333131050590454 -4.764545912291325
4.742057347311004 -7.457602100981317
-2.9062018325586063 -9.756350380307108
9.811629754817226 -8.098774517618834
-5.599363382074587 -7.766652946909365
-2.4824595724604137 -6.211531755268256
-6.547558637947539 1.9185815509950555
5.499027346147221 8.312376185852834
-1.5777277925692363 7.670181109937289
-3.8948053267938327 -3.2534618436703084
-2.8231174419982397 -1.8592114635013406
-0.242377400970204 8.994643315445238
-8.725318569827758 1.3098224085024164
4.732645160015929 -0.5807845218426682
2.2513275382922373 2.6421997567093065
-3.2233195238561363 6.608208083377011
6.100707311301633 1.8355593762006635
3.988702517056632 -9.448501362861402
-6.181659338411524 -1.5279950111061265
-1.1505575864043216 6.103339178894764
7.150796024462949 8.268850127773174
8.884839162105095 -7.2586812626680075
1.070646878212953 2.9091435485434918
-1.8080153492721962e-2 9.06720297385413
7.938825680606648 8.765725026111454
-0.9345623615094603 0.4359074045416538
-4.989868439770464 4.265555789951932
-9.93291945725053 9.434224398549262
-6.835456896401588 -2.0922588893548895
-0.1765247100008125 8.178202184311324
6.0352306554356225 3.7475965123338284e-2
-1.3293218890575318 4.108681804004082
-3.312543631913898 -4.59438758989112
-9.757969521204124 -7.138279789581996
9.843552289444307 -4.987126969892584
-7.750275544830856 4.840150797859394
-4.9681108420061 1.7954065263993062
-5.945227518534804 -1.9174232811704162
7.342793307839859 6.632700548211041
7.139246944065654 -1.5102935580992742
-7.902743814518518 2.4650192768182766
5.711074470092182 5.944048155673098
0.39449564409499516 1.2053126870908493
3.7233570841671124 9.738091303820351
-0.5091812494492061 -0.2381891857201328
7.634362257095212 7.26508987463869
-7.980101651555314 -4.622550816705855
-7.6485665922058494 1.0327279514819683
-4.968359705305261 -2.3268641688601432
-4.219568767088491 -1.2087588322971872
-4.049651962659738 4.318922102662421
-9.95859906595891 -1.2310213941123358
1.199844209431852 2.7588344286694078
2.1040041613387785 0.22252287708252538
7.644042426917824 -5.43911021147276
4.354367903435779 -9.540821532641894
-8.91835082739955 -9.193744515794844
-7.230672806775111 9.34145851609427
-3.2576938729498757 -6.356790880699692
-5.0728709691463925 -7.29037872605338
7.451550115814264 -3.4014171141830207
-2.5615225206277037 -9.26811838148307
7.800701845869284 -9.62831140826234
5.328186988814682 -4.26602232541649
3.649483072889314 4.309528805795521
-8.891221104217099 -8.326886992217302
7.882801626178651 9.230382783762373
-9.616163097778603 3.1038528349523595
7.135335503545438 -9.722580654733239
-9.423709625922905 4.463695643832487
-5.697587518716709 -2.564255249919796
-7.2885754397836156 8.65441815546658
-1.7238202848087347 0.7946420702688215
-5.821004380167696 -6.919800425726899
-6.940547105898956 -3.251845590854585
0.30875887944936053 -6.662084577802667
-7.481432486039279 1.3702241935887844
4.854278784370143 8.609384157279532
7.137717266765776 6.989290126097309
6.446436165494649 -8.077051801192642
-7.060555143699645 -0.16582066517494987
-2.5969385510268017 -6.4100298373474285
3.842866408659411 9.30858181586516
1.5491438997859959 -6.863998804701847
-7.979760853821829 -3.3906443267520636
-7.066749986925737 3.038754600882891
-8.267253698709652 -9.499005103162384
5.626625023377226 6.911621408133879
-6.687310990589919 -8.982592128271287
4.065436009066875 2.8023883979326243
-8.47403502630128 -5.335082701018015
1.0986439718310255 -0.23637675276791725
6.127331556767388 4.162875807880454
-2.5278201323622866 6.587702045963319
3.118261092106973 9.473017987618345
-5.467810590336171 8.192949536592703
-9.731992349836815 2.880294297128991
8.516015452295548 -1.8258949745996524
-4.882437379010649 -9.450772444179016
8.484235649551163 -8.907019863540116
9.660477997406826 7.473649711075051
-1.306020693227012 -9.500168112804817
5.53492970442289 -2.2725920182436337
-1.1995865595157582 -4.6339305522125045
-3.1800862349911547 5.648051931674589
-5.142894913548051 7.5735728527573976
4.8050075720768035 2.291858702096839
-9.665247166673698 -5.1529235615933855
-8.401825750085434 9.439625540255264
-0.5632993029446727 -8.918824121449784
-5.374264662819559 -9.757935935304577
-5.1538718948685975 9.153888751001219
7.344160925427104 6.990150257706691
-4.813870662894764 6.169885710271924
-4.749536523101585 6.617574761703612
-4.257650736719851 5.5425039175466395
4.013844616224823 4.04301667472353
-4.770760898584454 7.088637208469436
-8.572462405370569 9.107108887568547
9.007872401417455 -7.655862313458954
4.006435305095749 -5.115268952453402
-5.665439111686473 9.682502736282288
3.2658223572062823 -9.501884084336734
1.2325452013719485e-3 5.469060794630918
6.773296750270635 -8.991417334485735
-0.6488939562442795 -6.578398733006923
6.889641589494751 -8.486543273609314
-2.5393009012536183 -2.202760281163682
2.3624117300576035 3.6420705495241776
3.488058122962263 8.184766544691065
-2.494106537181615 -0.3866885867817853
0.202768635442375 -1.427520997134767
9.273876170392505 7.780873015948227
-3.0436659630269176 -2.9653591357775078
-7.218831978772484 0.49069876168083404
7.0822774991749 -8.618783694446478
6.245435659631649 8.91101092222593
6.516355438933218 -1.7915554302830312
8.286660850151861 -7.032139145443519
8.706910813994615 5.957103522101635
1.298733110533961 5.60249605341558
-8.241396962694509 5.919068520151702
-1.2776250802644906 9.717885627798527
9.720622577755865 9.38535125628039
4.026644477825968 -6.147852328960157
-8.89643556046871 -6.495563339674932
6.403453124575606 -2.841134148214419
-3.99965729611496 2.966283771377068
-2.279352477707393 -9.033321864642534
2.221981824664274 3.2375206369800296
-4.023429899044868 -0.6414207131951208
6.539010764479297 -0.7298781865615549
4.621405388204371 -7.154043373205845
1.7061354103414672 0.9967756100476635
6.6747470043290065 2.7414543157836526
-6.232351724063978 7.905533336604545
4.532161453804196 -3.1818852072590804
8.152765337735865 4.763343542528538
-4.620319238486603 -1.0454049946080453
0.4525818931262684 4.3135057897984925
1.4333366878022353 6.124023907102341
-5.3265375466112586 6.282130127436975
4.242362607669627 1.3182424096076844
-3.425091936311424 5.225930900979964
-1.0745949407522755 -8.085516275029052
-9.90273026820963 -2.743142149771036
9.844294076504742 2.492497174104578
-2.8942060384566526 -2.075586130818814
-6.775659190991263 9.412137376936055
-2.024961285557623 5.5588700744453785
-7.093102600474646 -1.2207258226020201
-2.6784352581296815 -4.199184440784167
-6.397825120787923 1.4484200162636167
3.5094463754612626 9.844193764852488
8.8098859973122 -7.974501244585457
0.34300354924961596 3.9851057075052836
-8.800449740731427 -0.9510458304157119
8.60401768128623 2.569998491310372
9.843691159811158 1.5847363559991123
1.3362221214510317 3.424932133376892
-2.2595530797965697 -4.14326070486984
-3.853412466224966 8.077048750470045
-8.392442997188269 -3.744621760049509
-1.7010826389204325 7.329546700953866
-3.2242222496630912 4.035810212048535
9.301736776090923 9.155690284281391
1.0940221685167728 -1.6651288327189206e-2
1.0950748214319468 8.860691759377353
-5.714495155536666 -7.001804709024643
5.543581092902594 -9.124231037279547
-7.071659437904277 4.106282570536619
-8.136674849734353 4.713910137943573
-6.664825434366753 -6.536561897188453
-4.914120548140877 -7.716809309522679
9.666127600011706 -9.639218995488772
9.308013820937791 5.65189740063791
-2.6116070073261444 3.4685945366821507
8.53842155051051 0.43378102126452234
6.356379783971306 2.5151790894049224
-2.6878955519425896 -6.588411869833665
-8.609986431117484 2.1760865169232684
4.769844532887028 -2.1654247538495603
-8.68850191524275 8.15100160172323
-0.7465523456312155 8.474180930210803
9.800478886764221 -8.860459754603792
5.944890885944275 -6.219641815319474
5.670221464855844 -5.9517731281755015
-8.75197103954764 2.4519513092842278
-8.601475953359248 -1.5750500829774552
6.994333898831545 7.527137486568346
-2.1474868373723055 -2.2191904765539423
9.972732889864265 -4.239588086571731
9.177237107551054 -0.946868743186327
8.35573828450892 4.025430939216804
2.772423570403241 -9.22574959320466
9.147636456210396 -4.922949589172065
1.6310583397953984 -9.146444383291971
0.45004422570657354 8.771748793543768
-5.792600698479036 2.6905973596324877
-6.224595937153876 -2.9410966736692696
1.9296429666381503 -5.272229185292052
-1.8209911383410855 -9.886370165631691
7.792914106455179 5.065488634920982
1.4321202647687983 -8.277901454481839
4.273662945911134 -5.758756908040268
5.565398272338998 8.399520418326428
5.431452474257108 -0.6857033465443898
-6.998385296768492 -3.1093149960568844
-0.8404539383724234 -9.506046966117673
-1.3345444467929095 -3.228671002752545
-4.932230711792293 -3.8829877726369126
-3.7682077479212346 -4.87604973872799
-5.936000666481145 6.544519423029314
3.5760030125296804 7.302264226391479
-6.881711055699169 -2.1342568715051797
-9.709755400783763 5.058550800473302
7.704204543718692 -6.802874700105697
1.7117631776061142 -7.969402693591993
-4.447512758328673 9.596334952880348
6.532482907316247 6.08592721670588
-7.1852508633115 4.755858086179952
7.127215274492979 -2.647982225329894
-9.345301820392962 -7.754186981161433
3.530376350971638 -9.145701527989466
-4.940116403509782 -7.999938543383694
-7.112764760447594 -4.313542897380986
0.25931419236685826 -8.745966876397668
2.080472133203152 7.301284451654659
0.28296051961115687 0.8646343327415664
-7.945565219783646e-2 -6.067598516172168
6.203250229544491 -3.253587520292025
4.177984931467332 -6.893467683844438
-1.9165860006575208 1.8023161281193563
-0.6707195948938676 3.4518088606847837
9.792287004790097 -9.840011683260009
7.200703478652407 -8.046346914001731
6.953667096048548 1.524550997983507
1.761075287012254 3.6353083729094937
-2.98610455474956 2.171434223317126
1.4655017827439139 7.799675130155624
5.042057274904781 6.448137559198798
5.155407783686815 1.1398864126672805
2.5874238208140365 -9.931941567655795
-4.808981398115273 -1.142911946785821
6.3233628727986115 0.3038307491474228
6.166241776031278 4.5455818430961585
8.719023105256355 5.695311660835969
-7.834788991209636 -5.616157177541687
0.9647513661719547 1.8428461627843724
-6.753243008693037 -7.441759706070792
-6.058617136069831 1.9322213207649757
1.492376156720045 -9.458182580394887
-5.381116395148881 1.2433759338780153
-4.8042512285285754 -0.8410052990322505
9.697889292978566 9.886079013713857
6.547085695150081 -8.169299473152169
-8.17083285008267 2.1578061607124592
-7.4079408374007745 -0.37386966049828096
1.104704572700241 5.992391289462963
4.812766895882643 -7.011044977350354
-4.146899226056102 -8.141923990471815
-8.019406034047375 8.66089062943609
-2.443967743872058 3.1784805520857677
-5.933512776617855 6.108087194854683
-0.33942067812058774 5.39953258479396
-8.9552216388389 -6.741351599324381
1.6595125839360154 -1.0941259330828839
7.213445652700475 3.983969333159825
-5.519324848129323 -3.503067894854704
-0.15865421385890954 -7.812613255748158
1.025124231793706 -0.3043995170250895
-6.383448752660527 4.3970518899594335
8.439582139047236 2.5514820548674138
-9.104649917056262 1.6911068449826026
-1.0659390046154265 3.1449966628444237
-2.1450498977044514 7.15067712318907
8.381511308679777 -8.596295526854554
6.655553832595274 6.1063645106369115
6.4603921730915985 -6.195460524670109
-5.64420884824939 -3.647994370694809
6.2321882198031275 9.23639745262015
7.413546628180203 5.815021760264813
4.637133710452709 -5.136787098637221
7.873417426923567 -7.971244153234962
2.4331937498000205 8.660080941457721
-9.02296620551769 8.414432141423948
-7.075741416932075 -9.932219825039304
-3.80778768714846 -6.710179796474294
9.640988654691746 -1.4525678918857192
-0.4411298548383069 2.570030336843786
5.451119913684133 4.15100133726699
1.2002409998433166 4.147643291735024
6.612038188561108 -1.0277968496064798
-8.369847762518736 -3.0734898571718254
-4.421399216011734 8.563637338877989
-1.4756687432995346 4.312476700812439
2.028638632292836 1.3096943656015032
6.25126855806543 -5.829586241425768
-6.186363752986943 -3.377240918965729
6.656040617274478 1.9095539703036337
0.9927042112775908 -9.190855545614998
-8.454221021760077 7.630827074464143
6.389115928009915 6.025697524271006
6.305461357600844 7.24827230404815
-6.163870089824879 7.96408041258789
6.970165421328961 7.242768124700355
-9.917992664254243 1.6217582870364637
-0.12424128131288192 -2.2424379220276602
-9.463809632354216 -8.50436551502494
1.5010914091418073 4.4899873635123
-9.24329954225352 -9.222767078467518
-0.21255840650866986 -2.6158514470257055
8.006474594775007 9.956344031985864
3.5735730914846986 -2.7389134436312172
-1.7221101598451654 2.8286195532797738
0.3864901450912228 9.949847989654497
-3.8147813278166653 -2.1040005381765514
4.82687871940187 5.5782174814782
-5.734570697352739 9.724955303677113
-5.697119557402344 3.3838337897042
7.850315812714598 -9.40988141595133
3.1891987887068645 -4.917640916051136
5.749954375507535 6.898532217477943
1.8323598996422952 -7.706474610799406
-1.6157288413089947 3.1337844581583347
5.190288072585545 -5.278394539761568
8.950010482913463 1.3710011959308162
-9.163574960246567 2.496239568813838
-1.1892738374500986 9.997360604142834
3.5276903590419444 -8.3983810811141
2.6521337991296345 9.42187697721663
-9.209269510159249 -3.9019638742123934
-3.8551860221756717 2.5191978732361324
-7.690003933471001 -5.561213444086503
9.119187805706389 2.8068055178368745
1.9255955794481672 2.2041844651853655
-1.2505683920781614 1.3603512599330525
5.78739482041928 0.15672604817721947
-2.9573112361302893 -4.939415137069705
1.0107476791779177 7.490014723189272
-3.384165047531644 6.601307157225268
2.0224617996598866 9.934887143318072
2.6158374469519146 -2.09371302804068
4.382968073088065 -9.558428960603397
-1.3175451383282866 7.302541853620507
-9.210368913175333 6.302679977556849
-4.782560100600328 -5.36695499938739
1.763850961654862 -4.587715078425356
1.6596712172388308 5.573591116242847
-6.47229510643869 5.59243202745315
-6.87157555024587 -5.836472114962506
-1.2270293343683605 0.674824214138269
0.44405883813784897 2.696740080317765
-4.559496518303634 -9.186611088655638
-3.740715573062852 -5.541608324836858
-0.9303961334736233 -7.544588820246815
0.33834496751474674 -9.674286843449627
-4.679445244394634 4.817071440229874
1.7616120196296148 -2.991600237781604
1.1842386291585036 -6.056302427999613
-5.74576609844462 -4.47098411514343
5.814614263856324 4.652583458368447
5.663901950823654 -7.260842509524956
-2.320943819481835 -4.285974356342748
0.7659251651476922 -4.680220678785394
-0.3529054843633439 -7.123275089118852
3.195349098372004 1.9666246495406483
9.604924363393465 8.388937027779797
-8.619903824479788 -2.082710224341491
-6.967310873781097 5.882354671666237
2.7080761635517785 -2.945193272684355
1.1100013594973603 -7.240011404539195
2.6377547085378588 3.6531157610696745
0.4143097864361849 -6.115004709688496
2.780457682600886 3.686388788028342
-0.6361738389540239 0.8750662600841519
-7.23284648319146 -9.78606426192404
1.7065086237013265 4.328646365766113
7.456957250170394 -1.9936348427788388
-8.346192693286536 -8.887434902730629
-3.1342610328113585 -5.894909237283581
1.7372306058939646 4.915002874773222
-4.743639449691419 3.3309338132178983
1.467637361634985 7.4133863411413685
6.393060728020018 -0.13290329005942425
6.630671519256261 -6.5240394294197035
-6.735287023195982 -1.0141417289394976
0.6925399358859039 5.107063848116468
-2.1905780481301314 -9.895272666477098
-6.216699479283443 3.021380435838921
-4.81942773578491 2.900196052901533
-8.324180293711184 1.7222776092702539
7.11077705052222 2.0393953230932826
-4.465653303983219 -6.1415749803056885
2.8720944252859546 0.13498312907868737
7.168267477130396 -6.359464165102413
-5.8518603375377864 6.963543581218225
2.0190326359440274 -2.1091098770957695
-3.477778312709294 5.532331998770541
-7.826733791938714 -0.8248668046506822
6.451919483782714 6.959822512916155
2.587543104011729 -8.881600772172664
3.785352542693637 -7.486367869148447
9.323928958561687 1.6952667660500467
0.8205534542223436 -5.949467542379139
1.9033450887216858 -4.459749792664772
-8.727912230019449 5.596899973159477
3.759768873820228 -1.480799229448369
-9.329919028853544 4.418975998645099
-1.220826467744093 3.74412111510458
4.407305232329058 3.384998009132927
-7.423630311624585 -5.968584443614569
6.7710912529815594 8.116853538304213
8.513039401037048e-2 6.89146029143474
0.7922649444488599 -2.9764173728264183
7.669436894589964 -5.419272164052485
7.814985046304216 -8.005691520696036
4.359257774798417 -1.1403280373144113
-3.2001227453001 0.5192626147968245
-3.9149362042536584 9.844154820103242
9.239526534829338 0.5335295336986707
-2.189659557193564 -0.1906788223936715
9.94038673024314 -8.54642213251018
4.566889553850217 7.914243350503316
3.019039756088178 9.421828753802682
5.89905468609029 4.832988250516237
6.420433467021557 8.598844486664262
1.9933785244592244 -0.7500265434391871
-9.598355838649635 9.32742072019738
-7.629435586301094 1.7384015154048917
-0.4688767303165555 -4.4469441231738145
-7.358564752470986 2.185310082630224
6.90795332242018 5.8090564864986725
0.6916541041648898 0.1680643317849455
-5.324981113780098 7.289187017411681
4.653605849662661 -8.690319742125002
6.496334624204842 4.825407585195624
-5.040495386629544 9.494160113136086
-5.974109365106179 1.9080396304144145
-7.932109915650973 1.479498564158348
-9.718112099169263 1.4730862470821542
8.156504644284837 -7.384112962068672
-8.427927371933402 -2.9846843561562464
-3.2103256938525737 2.810874659611766
6.761300955755576 -2.8105599778604917
-0.37902539588329986 -4.546005933419881
5.775485196286516 -7.482632436085661
-5.6295880168231305 -4.742395677353139
-4.073528012085195 8.098836316049432
7.648868662337488 -0.8891234562878214
-1.6242565603120127 -2.3166912292397113
2.8662634885954024 4.53599996806709
-5.891650616208297 -9.50781107129238
5.026211082543661 -3.7378087231661112
-7.689743887614016 0.39761082657024005
8.110394477403943 3.2581601533641162
6.834910381587299 7.123214571537822
-7.675482160938609 -5.715625683425715
6.4189313573291855 0.18543540682543025
-4.311871707240211 -7.235586221755215
-2.978619940344145 -9.643767111635885
-8.604808941919856 -8.308532076135213
6.461369736453438 -4.0543652600563185
-5.847684130229003 1.0752556545990544
3.3745103676630688 -1.8643736424804693
7.040051998441367 4.205180148344423
-1.7424342805268829 -6.6687616152211815
-6.477467734119713 3.0357883768253213
7.224904166466086 4.759002414172279
6.145419923437917 -4.315872103033502
-8.94485376986611 2.697335839968817
2.611441871976446 -8.832692602939371
6.493815818179879 7.602944021079935
6.665213040624202 -3.9223383461709656
-5.043027945492309 8.74192828146958
-1.0222044596671722 3.435850804126627
-6.3570072670220235 1.0823967935218448
-6.00539092542726 -5.190639975608402
-0.7503608381469427 -6.360165417209918
-4.1899015859827475 8.837559407455565
-5.603094459937505 3.2565339256679025
5.310044634169513 -6.353641074359679
-2.7111141598145068 -2.4918573710516796
8.748183020563438 -7.1182423310275
-1.9934959531210357 -6.0674980600573285
7.116285246330531 -8.653322511121967
2.860372904069365 5.799026328526098
1.029367037023821 -1.55341478483437
9.226536496431912 -0.3762014048146707
1.9090844926490114 -8.192191913609605
-3.171077024615818 -4.982101475936645
5.201955331708925 -9.514066320122774
-0.41161434517323947 -0.41721712832298685
9.126044133626479 -8.974956703749985
3.508412837411864 -7.979538487141282
-2.6290031051072145 8.642173755353788
0.1704637571976697 3.0976187290232318
2.598000574534458 8.770804389488585
-8.220170013056832 -7.28629483038115
-0.18620254063309538 -2.3168187758820524
-3.146003834177698 -1.4562353506214603
-7.905032428139056 5.984468810195015
-7.255262541352641 -7.923480878606119
-0.3959178192378925 -4.273368343899566
7.7902968864509745 9.71355376573862
-6.699209421356278 3.807484868779518
9.426560352854885 3.6021697313006467
6.643307052347549 3.866551627024318
-1.1374920026545237 7.7150076007178505
0.7071179172244957 6.00550156673993
-1.3462628339592406 3.5212408008363933
2.4966754526532657 -3.3204600433595255
-4.688977211730183 1.1453899756869426
2.0735735180086756 0.6532256388027733
-9.04281835336861 -3.4222555514071873
5.8086464744053465 -2.538252378572996
-4.730787474453222 -8.794110160699983
-3.279741908192104 -0.40721284137801916
2.9276439624406674 4.186873050438084
-4.317829212392079 -7.708822757711468
2.055083897593505 -5.05593465993268
-8.840099927076555 -0.17584945433195998
7.608180477593084 -7.074517850811248
-9.472660756601378 -8.66893103838489
-5.494840796043697 -9.88153247776274
-4.40939389180212 -5.261523106129529
1.275050495656835 5.355708512327887
-0.21079852731661752 0.3506640386597475
8.57117579965194 9.120444597881228
-2.8655546706201402 4.555321666736823
-4.958379639795796 6.513552198332352
2.835703438782957 -9.706495348355338
5.301177296300226 8.963487641288069
-4.58685306805579 -8.61771957195318
2.181713259096954 -6.761131086528785
1.4887815876244588 7.922620516839178
-8.283843027990702 9.442516778858053
-3.523546392035046 0.4855932763961448
7.771556609125952 3.719078840067464
-8.634320027324964 0.30290915852274836
7.623305502551251 -1.870935001753292
-2.0449667333383292 -7.666107997925096
-7.1765634332307116 -3.3781592317180964
-6.465524120239136 9.518367121097445
6.738277602482956 -4.407579644335733
-6.494159063502085 -3.5664334063947223
-5.532088819535426 8.988792232546807
-9.22938947049406 -0.9802199671574705
3.189189344094043 5.449140191274164
-7.038814207125938 8.995584890230152
-3.6197255618573676 3.4188240160112127
-9.64244062571087 1.2021183816224674
-7.562536694561861 8.926438440651225
-2.3908720793313236 0.719456970647979
9.800108824926532 6.886668653967686
6.805687763760783 -7.51251966777879
-8.513106003476803 4.226581229318125
0.5221207690012104 -7.7966227415735485
-1.3296435949943834 -2.352865058581801
0.6050870376735205 8.469857348086588
-1.3614258455884176 -2.6499016625704623
-2.80168503352471 1.4605384621440543
-9.11472224968187 -7.94220165000498
2.6995917940456984 3.3752569805957666
7.94354363656733 -1.7517874232728872
-8.835196162486625 6.512022582325756
6.565941974162545 -8.814497794260166
-3.4954728381020956 -3.414760099232577
-7.304592273318917 5.191640877827888
-8.067151211104031 5.016142473761388
-0.8986484978098765 7.837547551031868
3.361370857728696 8.384964278689289e-2
9.541422923554602 -1.1024526801255412
5.62527210970379 -8.860032635882142
-3.7020583618745784 -1.376610053666516
8.596497646305934 8.027983997905778
-9.429475144794107 -7.504905605257141
-5.5271121251346695 0.5745707317476967
2.8135492632473387 8.874119104039384
-6.431866076139212 6.050048404431479
4.790169615039325 7.6006407488621655
-1.5745574093152737 -2.097277428510564
-8.924137731111808 9.138504625219273
-4.1294572065025825 -0.37430520592106475
4.928663533031926 -8.68973215507424
3.446169381217155 8.974408471992948
-6.724255741691034 -1.645884673495539
8.83671465453055 6.067269952574591
-2.8141398933661605 -2.732343430552935
3.899054250908538 3.594648985875679
-1.6165623919649015 5.774863503613236
5.897000922558732 -6.3908760804668585
-4.7051712326798185 -7.804806072232566
-0.44634150048215737 -9.47456271541971
2.315132385358794 8.355815629302352
7.334863437520866 -6.7776967801891
0.9027523276523794 -6.712185544442473
8.633447217500517 5.154827315546626
9.33843029680532 8.721597136734033
2.067007133372485 -9.19019211001553
4.959733860342517 6.771959748350675
-4.987119693424447 2.524512173742222
0.9196189366421041 5.059035849654256
-3.8539644034324176 6.392516685030028
4.543008008585243 5.959869493758564
4.23870041715052 6.560871970879621
4.4318562822538645 3.3886000007959503
3.5637197017638336 3.4007876962456116
6.688583602802783 0.8188213089080936
-3.887479306502213 -9.795953607232981
5.188196397860089 -6.289867986906059
7.661297035487735 -1.8465211444377303
4.812912459153285 -2.4265022819951376
6.9144410120180595 -9.887777309516895
-1.372482477571392 -4.745960320521547
