-3.735165465376104 8.322100335304526
1.1806032201868355 -2.166578099473176
6.056998401437063 -3.2611361900993208
1.6579663568111265 -7.1759795475617345
9.317566525323002 -1.5988218434305743
-4.123350328324246 6.384396495782838
2.5105976660328295 -1.108089481858908
-4.830474542062251 5.459307388107231
2.4645496780570593 3.7481005635409392
-8.999504467374349 -0.6525869677312564
-8.7310238234924 -9.04471709284833
-7.386592689447968 5.264830442223722
5.243331986629013 -2.8178084236453156
4.717219921622355 1.6964346040139962
-8.215576766389244 -3.4170907248689453
-5.485926972040652 0.3338865127456163
-1.5957159391289455 -1.16940136821648
5.246230914108649 -6.571209427634681
6.99610234781715 -8.183872608352553
1.241423525177538 6.41763436473812
4.842161803780767 4.349273652680809
9.020013696026226 5.858582336046247
0.43966841171672044 8.997625469849922
5.10994804102684 9.73627438774211
9.024202176965538 -4.392973532708413
-8.129119232017699 7.167693915760207
4.800290071255862 -6.695127598289798
-3.265723089096406 5.298025574807239
7.279766036653729 8.94873006115716
6.935978309942705 3.7100516530624983
-4.688300964239929 3.6637130981797092
-1.1637145267385325 6.329477019572561
8.681718746445611 -3.8000466646271347
-4.178155306644193 -3.129418778087998
1.3364168168560617 8.57203865418149
4.044396732371176 5.995280900305321
7.40081046230037 -0.3007238339462326
8.79726359809045 -8.124051881736222
-3.1301154427693856 -6.014605326753353
2.3567069288452984 -4.662362941962908
2.1760387930273577 -7.55996910767875
-8.469940957822645 -7.296483178590243
6.4929697485288855 8.17607872307558
-2.890002476444642 -6.789646055668985
-0.5833034116146969 -1.725146641222235
-0.5541245856550994 -3.1891824887961633
0.9275548993475713 2.022369639024708
-8.90361369039053 -8.37608153077828
7.603824833407266 -1.0610713812171824e-2
-1.64650725863501 -0.11065934603584004
-1.2400074537291985 -2.1817478429415242
-1.0793205899797549 -4.290461368718175
3.3020531327096307 -5.752744050305125e-3
-6.075446369992141 -7.431304072220901
0.728358023083377 9.26299600566335
-3.324539518802947 1.6424188760281844
-1.7194668200842163 -1.6580655259683894
3.952818632901355 6.284339961624074
5.108292910614052 -1.1154385923548986
3.2771355900120813 9.787269771576042
-8.536949709726724 3.5677499855971533
-9.001241879442311 1.764476378611512
-1.5104165532628535 -2.435333279142662
-9.024088639476094 8.948628945829913
4.8713146505579115 3.6644783086983406
5.3942151128485385 -7.118671498629716
-8.380644240685504 -3.5452661707710575
3.846448336917634 -5.732532949810474
9.704014888855308 9.12406151913978
8.190234600051433 6.67718490850504e-2
-3.3758740136762944 -2.123978565288347
-7.107490737590041 -9.854715512884361
4.889406632295749 -7.538551773235309
-1.1781753286307861 -0.688984968723986
-3.5827704103695535 7.537834722137635
-8.441710451678329 -0.1972590097291338
-4.14168667504871 4.955140285265216
7.756256361329417 9.182336259051741
6.989216709113677 -4.840174160893449
0.8451369086611908 -5.167203498569776
-7.166889116372605 -6.534039671078455
-3.694011287858805 -2.331596959820983
0.6798247218543523 1.6924707056325339
7.590664878028193 -3.4054239964316597
-1.198918796351073 -4.742588988835097
3.6076486613494794 7.7173787108236915
-8.08824704475943 -5.271028392604484
6.979564360287597 3.081301654854938
9.199243278237194 -6.606559158253978
-2.395470697049886 6.380293597067631
1.9604661855387278 -2.8563782537514637
4.974441497880486 -7.784351446242255
-9.184485565492249 9.110152588228932
9.115153883008453 9.423428895040729
5.767640934201188 2.4408927939435223
-1.966053487608555 -6.5326695338128875
8.286753398850834 -3.980274371409756
6.742364970450385 1.8683846011770893
1.0211500181820057 -1.2128439548892356
-5.937255327845373 4.128055275118815
2.3928305689969314 4.130427099766809
-2.7784554488588835 8.168867132873498
3.2015752341672528 8.25744435744674
-5.324659921663444 8.393963747792494
-3.0465952290628096e-2 9.066482806007244
-1.9640311170188536 8.088402223756614
2.383481295750343 3.232982996261075
-7.374817007265215 3.9603047422672546
-3.0416932494935818 -6.94268594786696
-2.523802435133991 8.977963583423605
-9.82283169921548 4.963747007447388
-8.212019674274512 -9.45222106578943
8.509780876268714 -8.708631645502557
-0.1701557337768289 -5.430701879463442
-8.21332191424588 -2.747911320912535
1.5441992725276457 0.28221781298698545
8.253383091604682 -1.6263255259950746
-0.8737895776255904 -6.863025768607171
1.4948264463954342 -0.5466710321995691
-5.959155730659555 9.743029860761013
-7.752929416523862 -9.195487507668611
2.159060761698173 -4.337609735045842
-7.52409320720661 -9.766868699433369
9.659685652643109 -0.6869971464310609
-7.823870449464605 -4.8659713481179345
-4.640274782466078 -9.347832386183422
-5.651329047104503 0.2002692732193907
4.624594709681295 8.3765769449403
-7.687960641198219 -5.7911489805941745
-4.2005021421796584 -8.437815787089239
9.434456048452141 -4.857296298424211
4.147843643360218 -2.4665272423005247
5.606995939950277 5.007947561024659
-8.208050746883451 6.10923985877918
3.249655451114023 8.511100752218361
-2.1658636221497414 -2.88386899793389
3.2438573251544245 -5.107290767757615
-4.6855401629938465 5.574565896041772
1.521683899277427 -0.5921603600608893
1.2760827736463813 6.410189325241937
9.93752574110195 1.1051815468054578
3.70467014381871 -3.534279619264991
5.8949554406086 -6.9830898926649
-6.257102183428643 -8.643689674281292
-5.352390977974972 -9.335651629609234
5.887772283956984 5.626250619256277
9.671693174070722 -8.819497448049605
9.327422490225747 -9.009479596565182
-1.3326968106229682 -4.769565034017182
3.725266129014475 6.550557770725074
3.8682044331669765 1.9163328408118314
-2.2534020768725345 -4.96522484690491
-9.607167495328135 -2.3037870080057683
-6.787837595830437 -3.887881224286936
7.92355527529778 5.991551410801787
-7.729614833927503 -1.694562743657123
6.39700329668279 4.690850197038509
3.833589464200834 -8.106154638299445
-3.360974276899819 4.387359568396189
1.3863310703090832 0.3779392790900875
-6.0674997191540925 9.090826935437484
7.706810901798342 8.275177276423825
-1.753305911536982 -7.433644899459724
-4.289028288825511 7.093842800026078
9.458840491165379 5.098877114511762
4.863229644148909 -3.782215045749739
-8.498438220371508 7.604708970146422
3.968712890567886 8.311245356579164
-5.455302694452017 9.87861585741824
6.8944827312052155 0.7377461280965321
-5.763529064023551 8.940612742428165
8.442075257663713 9.426906388390734
1.3484195472888558 1.1847374285467343
-3.421347155232908 -9.494114453161988
9.842015184939317 9.950787957042756
6.201630798867619 7.433532475346858
9.043061027565745 -2.9837705164595096
9.935871223491258 8.281949250841674
8.99065736856328 -6.432947315363478
7.462475801086317 -8.346195823632295
9.881152656206641 0.322884375873965
7.552485286944211 -1.1697823194041455
-4.8917764151444825 -0.91542782428753
-9.476571141045781 -4.602995739738396
1.924890830572771 1.1048829285468837
-7.150802273871024 3.442999250402515
-6.284029808911513 7.234959107487789
-3.9052209054661757 1.1304141218886308
-6.385602081526745 -2.2721546479213917
-1.7445272623071073 4.499041580316494
-4.585150271087606 1.5225628067950598
4.1019033825211935 4.409263384434627
-7.440687567759974 -0.7168885536679799
-2.843041463886264 -6.7725372874666
-5.8474192055773955 -2.553927972420129
-5.501376424028422 3.430327915705929
-6.3013790451316805 6.071751457792178
-3.1309784631799076 -7.126762117362492
-8.799539230392739 2.4427963518979308
-7.824367800132208 2.0321665148168844
-5.060539839917677 0.7109065579192198
7.489073633114675 -4.283641471199465
-0.8727638581296624 1.1016753102565797
9.761869109958894 0.9732249233560069
8.08363501712694 -5.527313840733116
9.006579528093269 6.976136597364551
5.077426559501681 8.742070035408226
-6.8497244486894315 9.445856648645897
6.155822292196543 -1.0906057507472262
-4.918406763254519 1.234506555357628
-8.530076956034588 -6.075198898874059
-4.568509429357102 9.93772861075372
-4.684274607799286 9.284035425637821
-8.912058252687519 2.8898547527961824
9.209185911427237 8.116414307998173
-5.812412392739095 -3.2737776737169977
4.186606232889719 1.571618941840093
3.321816919797495 -2.3270429677966593
-9.149751014748283 -1.9123558914938972
5.345696947723761 -1.9233531429171986
3.0068880945386915 -2.4406997892137934
-2.6881918069724486 4.292841233457949
-3.4009121085357474 4.702231527110568
-5.578121968419376 1.3231873828476477
-8.410358227806075 1.6859186201984855
-4.813503636578131 6.163069205131194
8.164244861311495 0.7442622503313423
8.051130128587317 -7.586909105633078
-1.568763657667029 7.469769146913727
1.384106998533401 0.8284345296763735
-1.5222335340592696 9.630279535825338
1.5708136243083466 -8.366325647075612
8.788690214333066 0.5536464336031539
6.400130400869234 6.622572079683408
8.891744597869593 7.623675622486665
-0.33758780739091954 8.972266678816226
-8.335219271141778 -3.155439085724547
4.135288515134981 -6.046075580884094
0.5222064463787017 4.724310371331983
-7.876325943049933 -7.477967141329214
0.9515981214175113 -4.15009914769918
5.324695103393415 8.616136326109753
-5.388516473043616 -0.3018991824017636
6.711204059474337 1.526171901367988
1.064448437383021 3.5919093087891234
7.199830130804493 1.3857919094958397
-9.381682170918113 9.414718939933742
-6.252287772756713 1.628961501682122
8.756937399269592 -0.3210756859595385
-7.1198603119507675 7.744731783811311
-9.878363462787828 -5.49491505533971
3.034507466971002 5.6020696540706325
3.147495183964743 5.928445721910553
-3.5042201956347396 8.056638558127997
3.3065922471401183 -3.7883579649574006
-2.301805254427256 9.317787900193963
9.483338104356637 -9.09127542507269
-6.742976827439375 1.0624032807879402
-0.10922175214939323 -1.7581590199219441
3.472936394564867 -5.249997144841698
4.731798147804334 -1.0442383337348442
2.5713347770105806 -4.139201774224848
0.6248378914582311 -1.4454354637361462
5.067598762312331 6.2750035045046495
-5.298214784645891 -2.853090055925245
4.176251569760691 -6.832836878473449
4.331905583474347 6.445142351551361
-0.3802121207792588 -7.893642626140935
0.49163146658547774 6.87375846005434
-9.789311117782365 -1.780856631861834
5.7983899286498435 -8.015246300304884
-4.780608927463006 -4.0316483975181105
2.9693473509760953 -0.5603667139852835
2.622805617795848 0.321171469214093
-8.470310967269413 5.223050340343903
-7.557244595525625 -0.16156031810082538
-1.8820431330386782 -0.7250116394061923
-2.1098172608409964 8.229087476996103
2.5554872625608187 4.989909352233045
-0.3112139612994991 8.681452934342655
-9.966662862520128 9.072381938568885
-5.821773083730211 3.2139526040983046
2.581086482874788 -1.88672541685699
-7.867180638117781 -0.24913439722030795
-9.951916568563632 -4.868183771762045
4.121399979607469 -1.627516769172372
3.204616265095039 -5.866774639504753
-6.080688142863564 7.805277623928422
2.1587212513339757 6.191362251141861
4.807795609287272 -9.955964798011525
5.196469125513531 -1.4628791431888608
-9.511647480256594 8.992304535011801
-1.8773751990659022 -7.650324469616354
-5.0030737853894625 -4.458408118910507
-7.851584068548303 5.422615412789737
0.274255316641268 -5.522275512132014
7.842225846357241 -2.0200639925940074
-9.375736479639812 2.886052290721935
-2.0251343589115045 2.100824542689871
8.314111756981077 -1.1380998243303218
