0.0 0.0
1.2566370614359173e-2 1.2566039883352607e-2
2.5132741228718346e-2 2.513009544333748e-2
3.769911184307752e-2 3.769018266993454e-2
5.026548245743669e-2 5.0244318179769556e-2
6.283185307179587e-2 6.279051952931337e-2
7.539822368615504e-2 7.532680552793272e-2
8.796459430051422e-2 8.785119655074318e-2
0.10053096491487339 0.1003617148512149
0.11309733552923255 0.11285638487348168
0.12566370614359174 0.12533323356430426
0.1382300767579509 0.13779029068463808
0.15079644737231007 0.15022558912075706
0.16336281798666924 0.16263716519488358
0.17592918860102844 0.17502305897527606
0.1884955592153876 0.18738131458572463
0.20106192982974677 0.19970998051440703
0.21362830044410594 0.21200710992205463
0.2261946710584651 0.22427076094938117
0.2387610416728243 0.2364989970237247
0.25132741228718347 0.2486898871648548
0.26389378290154264 0.26084150628989694
0.2764601535159018 0.2729519355173252
0.289026524130261 0.2850192624699761
0.30159289474462014 0.2970415815770349
0.3141592653589793 0.3090169943749474
0.3267256359733385 0.3209436098072095
0.3392920065876977 0.3328195445229867
0.35185837720205687 0.34464292317451706
0.36442474781641604 0.35641187871325075
0.3769911184307752 0.368124552684678
0.3895574890451344 0.3797790955218011
0.40212385965949354 0.3913736668372024
0.4146902302738527 0.40290643571366264
0.4272566008882119 0.41437558099328414
0.43982297150257105 0.42577929156507266
0.4523893421169302 0.4371157666509329
0.4649557127312894 0.44838321609003223
0.4775220833456486 0.45957986062148787
0.4900884539600078 0.4707039321653326
0.5026548245743669 0.4817536741017153
0.5152211951887261 0.49272734154829156
0.5277875658030853 0.5036232016357608
0.5403539364174444 0.5144395337815064
0.5529203070318036 0.5251746299612957
0.5654866776461628 0.5358267949789967
0.578053048260522 0.5463943467342691
0.5906194188748811 0.556875616488188
0.6031857894892403 0.5672689491267565
0.6157521601035995 0.5775727034222676
0.6283185307179586 0.5877852522924731
0.6408849013323178 0.5979049830575188
0.653451271946677 0.6079302976946054
0.6660176425610361 0.6178596130903343
0.6785840131753954 0.6276913612907006
0.6911503837897546 0.6374239897486897
0.7037167544041137 0.6470559615694443
0.7162831250184729 0.6565857557529565
0.7288494956328321 0.6660118674342517
0.7414158662471912 0.6753328081210245
0.7539822368615504 0.6845471059286887
0.7665486074759096 0.693653305812805
0.7791149780902688 0.7026499697988492
0.7916813487046279 0.7115356772092853
0.8042477193189871 0.7203090248879069
0.8168140899333463 0.7289686274214116
0.8293804605477054 0.7375131173581739
0.8419468311620646 0.7459411454241821
0.8545132017764238 0.7542513807361038
0.8670795723907829 0.7624425110114479
0.8796459430051421 0.7705132427757893
0.8922123136195013 0.7784623015670235
0.9047786842338604 0.7862884321366189
0.9173450548482196 0.7939903986478353
0.9299114254625788 0.8015669848708765
0.942477796076938 0.8090169943749475
0.9550441666912972 0.8163392507171839
0.9676105373056564 0.8235325976284275
0.9801769079200155 0.8305958991958127
0.9927432785343747 0.8375280400421418
1.0053096491487339 0.8443279255020151
1.017876019763093 0.8509944817946918
1.0304423903774522 0.8575266561936523
1.0430087609918113 0.8639234171928353
1.0555751316061706 0.8701837546695257
1.0681415022205296 0.8763066800438636
1.080707872834889 0.8822912264349533
1.0932742434492482 0.8881364488135446
1.1058406140636072 0.8938414241512638
1.1184069846779665 0.8994052515663711
1.1309733552923256 0.9048270524660196
1.1435397259066848 0.9101059706849958
1.156106096521044 0.9152411726209175
1.1686724671354032 0.9202318473658704
1.1812388377497622 0.925077206834458
1.1938052083641215 0.9297764858882515
1.2063715789784806 0.934328942456612
1.2189379495928399 0.9387338576538741
1.231504320207199 0.9429905358928644
1.2440706908215582 0.9470983049947443
1.2566370614359172 0.9510565162951535
1.2692034320502765 0.954864544746643
1.2817698026646356 0.9585217890173758
1.2943361732789949 0.9620276715860859
1.306902543893354 0.9653816388332739
1.3194689145077132 0.9685831611286311
1.3320352851220723 0.9716317329146739
1.3446016557364315 0.9745268727865771
1.3571680263507908 0.9772681235681935
1.3697343969651499 0.9798550523842469
1.3823007675795091 0.9822872507286887
1.3948671381938682 0.9845643345292053
1.4074335088082275 0.986685944207868
1.4199998794225865 0.9886517447379141
1.4325662500369458 0.9904614256966512
1.4451326206513049 0.9921147013144779
1.4576989912656642 0.9936113105200084
1.4702653618800232 0.9949510169813002
1.4828317324943825 0.9961336091431725
1.4953981031087415 0.9971589002606139
1.5079644737231008 0.9980267284282716
1.5205308443374599 0.9987369566060175
1.5330972149518192 0.9992894726405892
1.5456635855661782 0.9996841892832999
1.5582299561805375 0.9999210442038161
1.5707963267948966 1.0
1.5833626974092558 0.9999210442038161
1.595929068023615 0.9996841892832999
1.6084954386379742 0.9992894726405892
1.6210618092523335 0.9987369566060175
1.6336281798666925 0.9980267284282716
1.6461945504810518 0.9971589002606139
1.6587609210954108 0.9961336091431725
1.6713272917097701 0.9949510169813002
1.6838936623241292 0.9936113105200084
1.6964600329384885 0.9921147013144778
1.7090264035528475 0.9904614256966512
1.7215927741672068 0.988651744737914
1.7341591447815659 0.986685944207868
1.7467255153959251 0.9845643345292053
1.7592918860102842 0.9822872507286887
1.7718582566246435 0.9798550523842469
1.7844246272390025 0.9772681235681935
1.7969909978533618 0.9745268727865771
1.8095573684677209 0.971631732914674
1.8221237390820801 0.9685831611286311
1.8346901096964392 0.9653816388332739
1.8472564803107985 0.9620276715860859
1.8598228509251575 0.958521789017376
1.8723892215395168 0.954864544746643
1.884955592153876 0.9510565162951535
1.8975219627682351 0.9470983049947442
1.9100883333825944 0.9429905358928644
1.9226547039969535 0.9387338576538741
1.9352210746113128 0.934328942456612
1.9477874452256718 0.9297764858882513
1.960353815840031 0.925077206834458
1.9729201864543902 0.9202318473658704
1.9854865570687494 0.9152411726209175
1.9980529276831085 0.9101059706849957
2.0106192982974678 0.9048270524660195
2.023185668911827 0.899405251566371
2.035752039526186 0.8938414241512639
2.048318410140545 0.8881364488135446
2.0608847807549044 0.8822912264349533
2.0734511513692637 0.8763066800438635
2.0860175219836226 0.8701837546695257
2.098583892597982 0.8639234171928354
2.111150263212341 0.8575266561936522
2.1237166338267004 0.8509944817946917
2.1362830044410592 0.8443279255020152
2.1488493750554185 0.8375280400421418
2.161415745669778 0.8305958991958127
2.173982116284137 0.8235325976284273
2.1865484868984963 0.8163392507171838
2.199114857512855 0.8090169943749475
2.2116812281272145 0.8015669848708765
2.2242475987415737 0.7939903986478353
2.236813969355933 0.7862884321366188
2.249380339970292 0.7784623015670235
2.261946710584651 0.7705132427757893
2.2745130811990104 0.7624425110114478
2.2870794518133697 0.7542513807361036
2.2996458224277285 0.7459411454241822
2.312212193042088 0.7375131173581739
2.324778563656447 0.7289686274214114
2.3373449342708064 0.7203090248879067
2.349911304885165 0.7115356772092855
2.3624776754995245 0.7026499697988492
2.3750440461138838 0.6936533058128049
2.387610416728243 0.6845471059286885
2.400176787342602 0.6753328081210246
2.412743157956961 0.6660118674342517
2.4253095285713204 0.6565857557529564
2.4378758991856797 0.6470559615694442
2.450442269800039 0.6374239897486895
2.463008640414398 0.6276913612907006
2.475575011028757 0.6178596130903343
2.4881413816431164 0.6079302976946053
2.5007077522574757 0.5979049830575187
2.5132741228718345 0.5877852522924732
2.5258404934861938 0.5775727034222676
2.538406864100553 0.5672689491267564
2.5509732347149123 0.5568756164881878
2.563539605329271 0.5463943467342692
2.5761059759436304 0.5358267949789967
2.5886723465579897 0.5251746299612956
2.601238717172349 0.5144395337815063
2.613805087786708 0.5036232016357609
2.626371458401067 0.4927273415482916
2.6389378290154264 0.4817536741017152
2.6515041996297857 0.4707039321653324
2.6640705702441445 0.459579860621488
2.676636940858504 0.4483832160900323
2.689203311472863 0.4371157666509329
2.7017696820872223 0.4257792915650725
2.7143360527015816 0.4143755809932839
2.7269024233159405 0.40290643571366275
2.7394687939302997 0.39137366683720237
2.752035164544659 0.379779095521801
2.7646015351590183 0.36812455268467775
2.777167905773377 0.3564118787132508
2.7897342763877364 0.34464292317451706
2.8023006470020957 0.3328195445229865
2.814867017616455 0.32094360980720926
2.827433388230814 0.3090169943749475
2.839999758845173 0.2970415815770349
2.8525661294595324 0.28501926246997605
2.8651325000738916 0.27295193551732505
2.8776988706882505 0.26084150628989705
2.8902652413026098 0.24868988716485482
2.902831611916969 0.2364989970237246
2.9153979825313283 0.224270760949381
2.927964353145687 0.2120071099220548
2.9405307237600464 0.19970998051440705
2.9530970943744057 0.18738131458572457
2.965663464988765 0.17502305897527587
2.9782298356031243 0.16263716519488333
2.990796206217483 0.15022558912075712
3.0033625768318424 0.13779029068463802
3.0159289474462017 0.1253332335643041
3.028495318060561 0.11285638487348143
3.0410616886749198 0.10036171485121498
3.053628059289279 8.785119655074315e-2
3.0661944299036383 7.53268055279326e-2
3.0787608005179976 6.279051952931314e-2
3.0913271711323564 5.024431817976966e-2
3.1038935417467157 3.7690182669934534e-2
3.116459912361075 2.513009544333737e-2
3.1290262829754343 1.2566039883352392e-2
3.141592653589793 1.2246467991473532e-16
3.1541590242041524 -1.2566039883352592e-2
3.1667253948185117 -2.513009544333757e-2
3.179291765432871 -3.7690182669934735e-2
3.19185813604723 -5.024431817976942e-2
3.204424506661589 -6.279051952931335e-2
3.2169908772759483 -7.532680552793279e-2
3.2295572478903076 -8.785119655074335e-2
3.242123618504667 -0.10036171485121517
3.2546899891190257 -0.11285638487348164
3.267256359733385 -0.12533323356430429
3.2798227303477443 -0.13779029068463822
3.2923891009621036 -0.1502255891207573
3.3049554715764624 -0.16263716519488353
3.3175218421908217 -0.1750230589752761
3.330088212805181 -0.18738131458572477
3.3426545834195402 -0.19970998051440725
3.355220954033899 -0.21200710992205454
3.3677873246482584 -0.2242707609493812
3.3803536952626176 -0.2364989970237248
3.392920065876977 -0.24868988716485502
3.4054864364913358 -0.26084150628989683
3.418052807105695 -0.2729519355173252
3.4306191777200543 -0.2850192624699762
3.4431855483344136 -0.2970415815770351
3.4557519189487724 -0.3090169943749473
3.4683182895631317 -0.3209436098072095
3.480884660177491 -0.33281954452298673
3.4934510307918503 -0.3446429231745172
3.5060174014062095 -0.356411878713251
3.5185837720205684 -0.3681245526846779
3.5311501426349277 -0.37977909552180117
3.543716513249287 -0.3913736668372026
3.556282883863646 -0.4029064357136629
3.568849254478005 -0.4143755809932841
3.5814156250923643 -0.42577929156507266
3.5939819957067236 -0.43711576665093305
3.606548366321083 -0.44838321609003245
3.6191147369354417 -0.45957986062148776
3.631681107549801 -0.4707039321653326
3.6442474781641603 -0.4817536741017154
3.6568138487785196 -0.4927273415482918
3.6693802193928784 -0.5036232016357608
3.6819465900072377 -0.5144395337815064
3.694512960621597 -0.5251746299612958
3.7070793312359562 -0.5358267949789968
3.719645701850315 -0.546394346734269
3.7322120724646743 -0.556875616488188
3.7447784430790336 -0.5672689491267565
3.757344813693393 -0.5775727034222677
3.769911184307752 -0.5877852522924734
3.782477554922111 -0.5979049830575188
3.7950439255364703 -0.6079302976946055
3.8076102961508296 -0.6178596130903344
3.820176666765189 -0.6276913612907007
3.8327430373795477 -0.6374239897486896
3.845309407993907 -0.6470559615694443
3.8578757786082662 -0.6565857557529565
3.8704421492226255 -0.6660118674342518
3.8830085198369844 -0.6753328081210244
3.8955748904513436 -0.6845471059286887
3.908141261065703 -0.693653305812805
3.920707631680062 -0.7026499697988494
3.933274002294421 -0.7115356772092852
3.9458403729087803 -0.7203090248879069
3.9584067435231396 -0.7289686274214116
3.970973114137499 -0.737513117358174
3.9835394847518577 -0.7459411454241821
3.996105855366217 -0.7542513807361038
4.008672225980576 -0.7624425110114479
4.0212385965949355 -0.7705132427757894
4.033804967209295 -0.7784623015670236
4.046371337823654 -0.7862884321366191
4.058937708438013 -0.7939903986478356
4.071504079052372 -0.8015669848708764
4.084070449666731 -0.8090169943749473
4.09663682028109 -0.8163392507171839
4.10920319089545 -0.8235325976284275
4.121769561509809 -0.8305958991958128
4.134335932124168 -0.8375280400421419
4.1469023027385274 -0.8443279255020153
4.159468673352887 -0.8509944817946921
4.172035043967245 -0.8575266561936521
4.184601414581604 -0.8639234171928352
4.197167785195964 -0.8701837546695256
4.209734155810323 -0.8763066800438636
4.222300526424682 -0.8822912264349534
4.2348668970390415 -0.8881364488135446
4.247433267653401 -0.8938414241512639
4.25999963826776 -0.8994052515663712
4.2725660088821185 -0.9048270524660194
4.285132379496478 -0.9101059706849955
4.297698750110837 -0.9152411726209175
4.310265120725196 -0.9202318473658704
4.322831491339556 -0.925077206834458
4.335397861953915 -0.9297764858882515
4.347964232568274 -0.9343289424566121
4.360530603182633 -0.9387338576538742
4.373096973796993 -0.9429905358928646
4.385663344411351 -0.9470983049947442
4.39822971502571 -0.9510565162951535
4.41079608564007 -0.954864544746643
4.423362456254429 -0.958521789017376
4.435928826868788 -0.9620276715860859
4.4484951974831475 -0.965381638833274
4.461061568097507 -0.9685831611286312
4.473627938711866 -0.9716317329146741
4.486194309326224 -0.9745268727865771
4.498760679940584 -0.9772681235681934
4.511327050554943 -0.9798550523842469
4.523893421169302 -0.9822872507286887
4.5364597917836615 -0.9845643345292054
4.549026162398021 -0.9866859442078681
4.56159253301238 -0.9886517447379141
4.574158903626739 -0.9904614256966513
4.586725274241099 -0.9921147013144779
4.599291644855457 -0.9936113105200084
4.611858015469816 -0.9949510169813002
4.624424386084176 -0.9961336091431725
4.636990756698535 -0.9971589002606139
4.649557127312894 -0.9980267284282716
4.6621234979272534 -0.9987369566060175
4.674689868541613 -0.9992894726405893
4.687256239155972 -0.9996841892833
4.69982260977033 -0.9999210442038161
4.71238898038469 -1.0
4.724955350999049 -0.9999210442038161
4.737521721613408 -0.9996841892832999
4.7500880922277675 -0.9992894726405892
4.762654462842127 -0.9987369566060175
4.775220833456486 -0.9980267284282716
4.787787204070845 -0.9971589002606139
4.800353574685204 -0.9961336091431725
4.812919945299563 -0.9949510169813002
4.825486315913922 -0.9936113105200084
4.838052686528282 -0.9921147013144779
4.850619057142641 -0.9904614256966512
4.863185427757 -0.988651744737914
4.875751798371359 -0.986685944207868
4.888318168985719 -0.9845643345292053
4.900884539600078 -0.9822872507286886
4.913450910214436 -0.979855052384247
4.926017280828796 -0.9772681235681935
4.938583651443155 -0.9745268727865771
4.951150022057514 -0.971631732914674
4.9637163926718735 -0.9685831611286311
4.976282763286233 -0.9653816388332738
4.988849133900592 -0.9620276715860858
5.001415504514951 -0.9585217890173757
5.01398187512931 -0.9548645447466431
5.026548245743669 -0.9510565162951536
5.039114616358028 -0.9470983049947443
5.0516809869723875 -0.9429905358928644
5.064247357586747 -0.9387338576538741
5.076813728201106 -0.934328942456612
5.089380098815465 -0.9297764858882512
5.101946469429825 -0.9250772068344579
5.114512840044184 -0.9202318473658702
5.127079210658542 -0.9152411726209176
5.139645581272902 -0.9101059706849958
5.152211951887261 -0.9048270524660196
5.16477832250162 -0.899405251566371
5.1773446931159794 -0.8938414241512637
5.189911063730339 -0.8881364488135444
5.202477434344698 -0.8822912264349531
5.215043804959057 -0.8763066800438634
5.227610175573416 -0.8701837546695258
5.240176546187775 -0.8639234171928354
5.252742916802134 -0.8575266561936523
5.2653092874164935 -0.8509944817946918
5.277875658030853 -0.844327925502015
5.290442028645212 -0.8375280400421415
5.303008399259571 -0.8305958991958124
5.315574769873931 -0.8235325976284271
5.328141140488289 -0.8163392507171842
5.340707511102648 -0.8090169943749476
5.353273881717008 -0.8015669848708766
5.365840252331367 -0.7939903986478353
5.378406622945726 -0.7862884321366188
5.390972993560085 -0.7784623015670233
5.403539364174445 -0.770513242775789
5.416105734788804 -0.7624425110114476
5.428672105403163 -0.7542513807361034
5.441238476017522 -0.7459411454241823
5.453804846631881 -0.737513117358174
5.46637121724624 -0.7289686274214116
5.4789375878605995 -0.7203090248879068
5.491503958474959 -0.7115356772092852
5.504070329089318 -0.702649969798849
5.516636699703677 -0.6936533058128047
5.529203070318037 -0.6845471059286883
5.541769440932395 -0.6753328081210247
5.554335811546754 -0.6660118674342518
5.5669021821611135 -0.6565857557529565
5.579468552775473 -0.6470559615694443
5.592034923389832 -0.6374239897486896
5.604601294004191 -0.6276913612907002
5.617167664618551 -0.6178596130903341
5.62973403523291 -0.607930297694605
5.642300405847269 -0.5979049830575184
5.654866776461628 -0.5877852522924734
5.667433147075987 -0.5775727034222677
5.679999517690346 -0.5672689491267565
5.6925658883047054 -0.556875616488188
5.705132258919065 -0.5463943467342689
5.717698629533424 -0.5358267949789963
5.730265000147783 -0.5251746299612954
5.742831370762143 -0.514439533781506
5.755397741376501 -0.503623201635761
5.76796411199086 -0.4927273415482917
5.7805304826052195 -0.4817536741017153
5.793096853219579 -0.4707039321653325
5.805663223833938 -0.4595798606214877
5.818229594448297 -0.448383216090032
5.830795965062657 -0.43711576665093255
5.843362335677016 -0.4257792915650722
5.855928706291374 -0.4143755809932844
5.868495076905734 -0.40290643571366286
5.881061447520093 -0.3913736668372025
5.893627818134452 -0.3797790955218011
5.906194188748811 -0.36812455268467786
5.918760559363171 -0.3564118787132505
5.93132692997753 -0.3446429231745167
5.943893300591889 -0.33281954452298623
5.9564596712062485 -0.320943609807209
5.969026041820607 -0.3090169943749476
5.981592412434966 -0.29704158157703503
5.9941587830493255 -0.28501926246997616
6.006725153663685 -0.27295193551732516
6.019291524278044 -0.2608415062898968
6.031857894892403 -0.2486898871648545
6.044424265506763 -0.2364989970237243
6.056990636121122 -0.2242707609493807
6.06955700673548 -0.2120071099220549
6.0821233773498395 -0.1997099805144072
6.094689747964199 -0.18738131458572468
6.107256118578558 -0.175023058975276
6.119822489192917 -0.16263716519488344
6.132388859807277 -0.1502255891207568
6.144955230421636 -0.1377902906846377
6.157521601035995 -0.1253332335643038
6.1700879716503545 -0.11285638487348111
6.182654342264713 -0.10036171485121509
6.195220712879072 -8.785119655074328e-2
6.2077870834934314 -7.532680552793272e-2
6.220353454107791 -6.279051952931326e-2
6.23291982472215 -5.024431817976934e-2
6.245486195336509 -3.7690182669934215e-2
6.258052565950869 -2.513009544333705e-2
6.270618936565228 -1.2566039883352071e-2
