0.0 0.0
6.283185307179587e-2 6.279051952931337e-2
0.12566370614359174 0.12533323356430426
0.1884955592153876 0.18738131458572463
0.25132741228718347 0.2486898871648548
0.3141592653589793 0.3090169943749474
0.3769911184307752 0.368124552684678
0.4398229715025711 0.4257792915650727
0.5026548245743669 0.4817536741017153
0.5654866776461628 0.5358267949789967
0.6283185307179586 0.5877852522924731
0.6911503837897546 0.6374239897486897
0.7539822368615504 0.6845471059286887
0.8168140899333463 0.7289686274214116
0.8796459430051422 0.7705132427757893
0.942477796076938 0.8090169943749475
1.0053096491487339 0.8443279255020151
1.0681415022205298 0.8763066800438637
1.1309733552923256 0.9048270524660196
1.1938052083641215 0.9297764858882515
1.2566370614359172 0.9510565162951535
1.3194689145077132 0.9685831611286311
1.3823007675795091 0.9822872507286887
1.4451326206513049 0.9921147013144779
1.5079644737231008 0.9980267284282716
1.5707963267948968 1.0
1.6336281798666925 0.9980267284282716
1.6964600329384885 0.9921147013144778
1.7592918860102844 0.9822872507286886
1.8221237390820801 0.9685831611286311
1.884955592153876 0.9510565162951535
1.9477874452256718 0.9297764858882513
2.0106192982974678 0.9048270524660195
2.0734511513692637 0.8763066800438635
2.1362830044410597 0.844327925502015
2.199114857512855 0.8090169943749475
2.261946710584651 0.7705132427757893
2.324778563656447 0.7289686274214114
2.387610416728243 0.6845471059286885
2.450442269800039 0.6374239897486895
2.5132741228718345 0.5877852522924732
2.5761059759436304 0.5358267949789967
2.6389378290154264 0.4817536741017152
2.7017696820872223 0.4257792915650725
2.7646015351590183 0.36812455268467775
2.8274333882308142 0.3090169943749471
2.8902652413026098 0.24868988716485482
2.9530970943744057 0.18738131458572457
3.0159289474462017 0.1253332335643041
3.0787608005179976 6.279051952931314e-2
3.1415926535897936 -3.216245299353273e-16
3.204424506661589 -6.279051952931335e-2
3.267256359733385 -0.12533323356430429
3.330088212805181 -0.18738131458572477
3.392920065876977 -0.24868988716485502
3.455751918948773 -0.30901699437494773
3.518583772020569 -0.3681245526846783
3.5814156250923643 -0.42577929156507266
3.6442474781641603 -0.4817536741017154
3.7070793312359562 -0.5358267949789968
3.769911184307752 -0.5877852522924734
3.832743037379548 -0.63742398974869
3.8955748904513436 -0.6845471059286887
3.9584067435231396 -0.7289686274214116
4.0212385965949355 -0.7705132427757894
4.084070449666731 -0.8090169943749473
4.1469023027385274 -0.8443279255020153
4.209734155810323 -0.8763066800438636
4.272566008882119 -0.9048270524660198
4.335397861953915 -0.9297764858882515
4.39822971502571 -0.9510565162951535
4.461061568097507 -0.9685831611286312
4.523893421169302 -0.9822872507286887
4.586725274241099 -0.9921147013144779
4.649557127312894 -0.9980267284282716
4.71238898038469 -1.0
4.775220833456486 -0.9980267284282716
4.838052686528282 -0.9921147013144779
4.900884539600078 -0.9822872507286886
4.9637163926718735 -0.9685831611286311
5.026548245743669 -0.9510565162951536
5.089380098815465 -0.9297764858882512
5.152211951887261 -0.9048270524660196
5.215043804959057 -0.8763066800438634
5.277875658030853 -0.844327925502015
5.340707511102649 -0.809016994374947
5.403539364174445 -0.770513242775789
5.46637121724624 -0.7289686274214116
5.529203070318037 -0.6845471059286883
5.592034923389832 -0.6374239897486896
5.6548667764616285 -0.5877852522924726
5.717698629533424 -0.5358267949789963
5.7805304826052195 -0.4817536741017153
5.843362335677016 -0.4257792915650722
5.906194188748811 -0.36812455268467786
5.969026041820608 -0.3090169943749468
6.031857894892403 -0.2486898871648545
6.094689747964199 -0.18738131458572468
6.157521601035995 -0.1253332335643038
6.220353454107791 -6.279051952931326e-2
