-5.929105697382145e-3 -8.928185963785088e-3 -6.650914924642809e-3
-2.9292859269518016e-3 4.342622188589813e-3 -4.902406950790631e-3
-4.563476358724841e-3 -6.2887739324351405e-3 -2.1845348965269713e-3
5.263493574946683e-3 -5.334215139249888e-3 1.0254005784311655e-3
4.489497216622253e-3 1.0020301063504162e-3 7.063007457948498e-3
-2.77613331817415e-2 1.5014409903790991e-2 -2.5308900859549163e-4
8.112653616691305e-3 3.063360171491617e-3 4.191942846551212e-3
4.982861581985538e-3 5.267234513263197e-3 -2.3214667050222982e-3
6.4305011662241385e-3 -6.53858562075683e-3 2.391883006194382e-3
5.389552874005646e-3 4.232014992550863e-3 9.294556463127658e-3
-3.436123289412119e-3 5.716176756604141e-3 -5.6745401254704765e-3
-2.0658470116941613e-3 -4.574266222993992e-3 -4.627633232443794e-3
-1.7749624687907687e-3 -4.749105842356271e-3 7.255886165674423e-3
-8.913464544098035e-3 3.8430303302905322e-3 3.221865050460366e-3
7.561273293809995e-3 2.5380856942200597e-3 3.588160341578749e-3
-1.3125350922033995e-2 -5.0274830537898815e-3 -5.827707729095551e-3
3.5114689709944853e-4 8.046314460191202e-3 -1.886910922866904e-2
-1.074093209390019e-2 -1.1630617066211726e-3 -8.390495919979304e-3
2.83765494607772e-3 8.714893606188323e-3 2.546059893650591e-3
-1.9105263725671003e-3 6.121676083561683e-3 -4.795564755672476e-3
1.532071079719467e-2 -6.875212595527508e-3 -6.118580987569889e-3
-1.4623171301425902e-3 -5.139825341387411e-3 5.948579427406471e-3
-5.7005518336593055e-3 3.193535364154606e-3 6.7976521479434626e-3
7.189570907774256e-3 -1.495357225950327e-3 6.795532504739439e-3
-2.7333416280763103e-2 1.3051122680491307e-2 -1.5949730672735973e-2
7.909760507111072e-3 -3.0978875772301206e-3 -2.7212385172814507e-3
-1.4550265812702507e-2 -4.516649923956194e-3 2.7394918047695107e-3
-8.405858795112036e-3 3.8120713361366647e-3 -2.141152055053863e-3
-7.312245097904511e-3 4.545623043323349e-3 -8.515940357155056e-4
1.196594866884224e-2 3.196535587829973e-3 6.371640291220308e-5
-7.959294694340618e-3 3.818908482199068e-3 1.5285447610012429e-3
4.9569485546878105e-3 -4.062141143910037e-3 -5.575455466527253e-3
7.177158079839641e-3 -1.193414308795707e-2 -1.1694871486142848e-3
3.5915351380879463e-3 -4.865155587376179e-3 5.677230046782908e-3
-6.832311547107161e-3 7.471086797967514e-3 6.602496176818548e-3
-4.913054004256845e-3 9.438867111338452e-4 -6.532211818711928e-3
-1.1862010486441168e-2 -7.645806100108182e-4 4.580691062732269e-3
-4.327742695776708e-3 8.069300068512208e-3 -8.176070437033491e-4
-6.203307977775644e-4 -5.385144338148239e-3 7.469050826988391e-3
-1.0859657335788298e-3 1.1492057246222646e-2 -9.594261910107797e-4
1.020108005584746e-3 -5.5598542399211215e-3 -1.0302835826018394e-2
5.63684742766099e-3 3.3060658929702294e-3 4.058198785479908e-3
-5.208725949344703e-3 -1.2198973255636741e-2 -8.931131812193948e-4
-7.896313290555552e-3 5.085284860891238e-3 -8.888839991678758e-6
7.861812103322898e-3 5.593551274743844e-4 -7.5230735396316995e-3
4.604004543092463e-3 8.991550387381184e-3 -3.6997819742517163e-3
9.42616723480396e-3 -5.087726602474802e-4 1.7189273955794337e-2
-1.3197971505588845e-3 -1.0831331996154974e-2 -5.076368451727882e-3
1.0474276173725097e-3 -1.2324365238976604e-2 4.219787097151545e-3
-8.158312210812394e-3 -2.0519317692067854e-3 -4.8130076907036455e-3
-6.236669576721018e-3 3.4558620856532155e-3 -7.0391998185019315e-3
1.1406034546675918e-3 4.677037092565502e-3 -6.926527242479753e-3
-5.69006480402942e-3 -3.7812099969850273e-3 3.926466406246287e-3
-6.905903141518035e-3 -6.127341911785574e-3 -6.638491663128674e-4
3.8268601479319736e-3 7.767298435026099e-3 -4.003229857829182e-3
-3.366947532341086e-3 -3.864384819802283e-3 -7.6698424498938544e-3
-9.48955134152234e-3 -2.097635237966628e-4 2.6049182734476256e-3
-2.6309433516414238e-2 -1.0115569349351669e-2 1.1543829205005074e-3
-4.595161240147822e-3 9.542318829991707e-3 1.0778029841906489e-2
-5.1623007026989e-3 2.142125921226291e-3 -4.789362011809516e-3
2.3426502909324257e-3 6.3194927364817865e-3 4.358125091130469e-3
1.6187842410095817e-3 -2.0371369176501328e-2 1.7782082409279003e-3
-1.3288133498002648e-2 -3.0498277122653424e-3 -4.37145482797914e-3
-3.6169407935830633e-3 -2.830016346540311e-3 -9.97287251277429e-3
-1.1062255654655897e-3 -1.0655490209547515e-2 4.700531268191699e-3
-4.043000152730008e-3 6.047928436857722e-3 -9.87798770793926e-3
-2.8573113900358113e-3 -1.2750534868583576e-2 -1.8077726304612386e-2
5.048023696874848e-3 1.1357211206551676e-3 -5.387294845247923e-3
3.8632815956241738e-3 2.761084971443946e-3 1.0079665064178801e-2
-1.1086927857342612e-2 1.2779283037479547e-3 2.888480823784978e-3
5.7805908990661925e-3 -1.4370106657755372e-3 8.523168549210943e-3
-1.0222780594648132e-2 -4.933296663445577e-3 -1.1557229433211203e-2
-2.0551917982907083e-3 7.974026902151578e-3 -7.999335022665276e-3
1.3220382090124681e-3 1.8411852642877659e-3 1.0584309862403695e-2
-8.455217973117376e-3 -3.999150809410037e-3 -1.2860048515795329e-2
1.5899065279623354e-3 9.268525891001012e-3 -4.957633089042991e-3
3.5690931012194145e-3 -1.0235494841386953e-2 -2.415698010033086e-3
1.0139025051254268e-2 7.158498677950336e-4 -8.97413619158633e-3
5.668887914135225e-3 -9.985999586177906e-4 -5.868245508766979e-3
-4.656246040880241e-3 2.000744249152663e-3 5.1028815841295955e-3
3.558363886134451e-3 4.733426420528299e-3 -5.251067041352041e-3
5.58075687061003e-3 -4.58374684291304e-3 -8.950013282153672e-3
-3.575338692297008e-3 -1.0222076950600893e-2 1.360102657091955e-3
4.4333456054532535e-3 -1.7910951512544143e-3 -6.916444323951045e-3
-6.117234221205059e-3 1.8064324283065516e-4 8.325090373227354e-3
2.7935189144604067e-3 3.4427377926413605e-3 7.630007606238812e-3
-1.0496828351344168e-3 5.993563586398679e-3 7.266547990582077e-3
-2.5846418793067396e-2 -2.551637874559635e-3 1.7125759799560712e-3
4.612048782342343e-3 3.113985317556306e-3 -6.627709979004461e-3
-1.7795968238097928e-3 -8.420008760982112e-3 -8.133154764985483e-3
1.5461405010911033e-2 1.0903081315099967e-2 1.065223071887133e-2
-6.869072489605716e-3 -4.331770527871794e-3 6.089624873519046e-3
7.501677876227101e-3 -1.9932696177657892e-3 -4.450580376962503e-3
-7.944853109741162e-3 -1.729033105711509e-2 -7.288654166830616e-4
4.139470094526923e-3 -2.584060784291611e-3 1.0536811612316862e-2
-3.311465985925381e-3 -7.538925048144263e-3 -3.684524804138568e-3
9.759399071596292e-3 1.6879556803805244e-3 -5.136664286142461e-4
-9.288186870580084e-3 -1.3041011083697821e-3 -4.19613876962253e-3
2.913176759720769e-4 -4.635358863766844e-3 9.797609592819412e-3
-7.828398590315542e-3 -4.061325595949229e-3 -5.072964104428893e-3
6.28267790717726e-3 -1.1784544508066128e-2 -6.066169755300087e-3
6.3315924045093275e-3 3.596571662389678e-3 4.184672367090792e-3
8.915819088046737e-3 -5.060176338183401e-3 -3.691240580195229e-3
5.671459836810007e-3 -2.2836028714513807e-3 4.41836686022243e-3
-6.920655530559903e-3 6.453827214462722e-3 -4.439783386523625e-3
-1.4976519648101088e-3 -6.182423039107818e-3 5.431490305231447e-3
-1.2263349139964144e-4 4.9155593851144e-3 -7.63954894133156e-3
5.408341145936321e-3 7.1111199662362125e-3 2.1226595306833143e-2
8.207022954786081e-3 3.117984928706418e-3 4.130820072278069e-3
-1.4642204072714465e-2 -4.2297992316791995e-3 1.4920027767210096e-2
6.323033951778704e-3 -7.899968054155267e-3 -9.385555906541032e-3
1.0041354805379522e-2 2.2174092661901208e-3 -4.122855398532084e-3
-1.0001346866174201e-2 -6.006025708419198e-4 5.394807348628462e-3
1.3412654557817144e-2 4.080336993723985e-3 4.711122810374325e-3
-3.629394854703079e-3 -4.4165459340371385e-3 -1.1682642466415665e-2
2.1289035585801225e-2 6.4125557503994296e-3 -4.422573224974288e-3
1.2759665591510046e-2 -1.3239831807240912e-2 -3.2832745408052947e-3
-4.405276328116257e-3 2.5161121022012386e-4 -1.0648874656928476e-2
-2.7353120865082165e-3 -6.786302635952932e-3 -5.635152795788244e-3
8.63557790334914e-3 -3.61210115594387e-3 -1.8664300098816388e-3
-2.3221402520363847e-3 -7.060680199112782e-3 -4.68583960376082e-3
-1.8253065735791632e-3 2.5456249743749867e-3 1.0575025474486155e-2
1.235946432050181e-2 3.3017482926386263e-4 -7.695361148066657e-3
-8.709299265940608e-3 3.8333444370291887e-3 -1.6039749344904607e-3
9.226511938101926e-3 -1.6946317243928395e-4 -4.897618984724722e-3
-8.22364720539767e-3 -9.769685757562731e-3 -6.470749909603866e-4
-1.6410640754298256e-3 3.821172299737493e-3 7.898960669129188e-3
-8.036788404774621e-3 9.071186892496398e-3 1.7349673827982613e-2
-4.2737168340392555e-3 -4.7572290384498075e-3 7.243166691758288e-3
6.087907180577979e-3 6.412669963494849e-3 -2.854860565345067e-3
-5.9204343663454015e-3 -6.756241196874283e-3 -6.141091718318327e-3
-2.7714343586415637e-2 1.7914807571487131e-3 8.176431707908367e-3
5.290815309629182e-3 7.374206201282543e-5 -5.484599984729546e-3
-1.3018645867112935e-3 6.795028189123224e-3 7.736482489494498e-3
-4.740145886779513e-3 -6.282638470488375e-4 -1.861514777240339e-2
-8.429939473937477e-3 -1.1598637319875494e-2 -1.6648721819693168e-3
6.0564053027929695e-3 -1.707581212657685e-3 -7.815954151553098e-3
-6.640165338328883e-3 -5.76794184947357e-3 3.1690223851307446e-3
3.1260224600992144e-3 -4.04148506300364e-3 -4.494052181192079e-3
-3.6488438580856656e-3 1.1597481607777581e-2 -2.112211151076358e-3
1.3678501218249412e-2 4.278205445064251e-3 1.5430575919294389e-3
2.1416521896365746e-3 6.049822689313908e-3 8.728160647123843e-3
-1.970498048464912e-3 -5.294452344780041e-3 -4.721557513505181e-3
-3.9539424240189893e-4 6.296785102947279e-3 6.325242078850156e-3
9.2007315059341e-3 -2.367821695074425e-3 3.1932882071904717e-3
3.8332379277575715e-3 -6.010381336851056e-3 5.835804636797271e-3
-1.6625305879154183e-2 2.2476296367486825e-2 5.446393316489972e-3
4.583349562372937e-3 -3.458377217795037e-3 5.833000620966735e-3
7.919727196990554e-3 -3.959832692116178e-3 -5.881845375511921e-3
-1.3701695198187834e-2 -6.744586715146939e-3 3.891458767358356e-4
6.006521372117963e-3 -2.590614279723003e-3 -1.2717596510394837e-2
5.854957430990183e-3 -1.087762030856196e-2 1.7831579509076973e-3
-8.256842929293911e-3 -4.3137024075016565e-3 1.3014146530462701e-3
-9.375875944858048e-3 -3.3412421752528764e-3 5.4810284394381315e-3
-9.844093427783801e-3 -9.358454947941183e-3 3.24409081970737e-3
-1.826008027965587e-3 -9.763528809585184e-3 1.195159055800248e-2
-5.400955586757768e-3 1.9853758426752053e-4 8.999326095643788e-3
3.632591333711883e-3 3.232519185810659e-3 3.610459456574467e-3
3.521993006341081e-3 1.6350333958234677e-3 -1.3516275614125533e-2
-6.995547267030948e-3 5.97086717346676e-4 -4.990275867021192e-3
-6.8669052155847414e-3 -1.58248642073818e-3 1.1752868534019204e-2
-2.888836929575527e-3 3.7537258025919654e-3 -1.1847728824185307e-2
-7.757155946847691e-3 -4.690196175377559e-3 1.9327729622092253e-5
3.107450243442244e-3 -4.955741621196043e-3 8.784618834370142e-3
5.040362610177894e-3 -6.848768075188539e-3 1.626017657879104e-3
-1.0651894969353586e-2 -1.3728927804106608e-2 -3.6135263605918417e-3
-6.099959488635335e-3 -4.702203787932807e-4 5.6109002464279365e-3
1.3150186545978664e-3 -1.1904384999044846e-2 -8.416503223487637e-5
-6.511235731246927e-3 -5.261328217565535e-3 3.7080838082993017e-3
-5.69151747716956e-3 3.940159106329695e-3 -3.341869188324321e-3
3.4375834999737023e-3 -1.2584059864279022e-3 -1.9493485320143947e-2
-9.076404586995537e-4 -1.0149815688188932e-2 -9.668565140150071e-4
-1.2755408240263047e-2 -2.735969653222204e-3 3.766844389147339e-3
9.570649692883727e-3 1.8268971239197955e-3 2.5114011431112814e-3
-1.751743859495379e-3 -2.2497774316943796e-3 -1.0269527442249652e-2
1.110000421518325e-2 4.631135336100136e-3 1.018285099255213e-3
2.9068388034059645e-4 -1.0504329203914045e-2 -6.46885009777691e-4
7.555268444976121e-3 3.4277212988448923e-3 -8.023613029329992e-3
1.4948775684822864e-2 -1.542355086950873e-2 1.4983764867972258e-3
5.274604279419328e-4 2.823246766534459e-4 -1.7217813835689277e-2
-1.1188566970062179e-2 7.232627042883952e-3 -5.730452757248804e-3
-4.75058774493728e-3 7.508131891408328e-3 -3.4576551082978594e-3
-9.119910463344368e-3 -4.786435906054879e-3 4.231733603418249e-3
-6.4141047805384155e-3 -4.432193934293212e-3 2.8604196248311294e-3
-2.0284879971838353e-3 -7.885945205696309e-3 6.8607466661274865e-3
1.1359345087306333e-3 -4.952231811092909e-3 -6.80555760367786e-3
3.335369058611653e-3 -4.341333783362682e-3 8.99443517885507e-3
-1.0158915064169122e-2 -1.3936993736782748e-2 4.630137628975545e-3
-2.1107883767471814e-3 9.7387755002998e-3 2.838905156830648e-3
5.0715105919425674e-3 -5.441355433028481e-3 1.4093418648986262e-3
-1.0053783662462218e-3 1.2611553780878061e-2 -5.283210306855489e-3
1.1532394717609504e-2 1.688415734381947e-3 3.4249287892021245e-3
-5.173144717931062e-3 -4.189708340201482e-3 4.924985578479666e-3
-7.887729840886535e-4 -6.675928241321035e-3 1.406007775357046e-2
-3.2389544488479185e-3 3.675314286215774e-3 -3.8990697238067596e-3
-6.953181110910113e-3 3.6790388867832887e-3 -4.531322499067605e-3
-4.459865401446995e-3 -3.4747774713839805e-3 4.042125387804215e-3
-1.4531048524888754e-2 1.7250623531945706e-2 -5.10325948132366e-3
-5.026803514991623e-3 2.803071028529884e-3 -6.318056381855689e-3
3.735808939980084e-3 -4.826179197284377e-3 4.3824611858990555e-3
-9.44355888823325e-3 1.6823425798266464e-3 -3.37593129512367e-3
-1.1003181944300782e-2 9.63398110285432e-3 1.0086424182164004e-2
-1.8511111547397277e-3 3.3388531893682174e-3 -1.2228613386949454e-2
2.2281390547295716e-3 7.4245259366022345e-3 6.064170462552953e-3
5.722199874561598e-3 -5.6740754508454614e-3 1.2153040917085194e-3
-5.123370993754803e-3 -4.325226004960805e-3 -6.912919489035168e-3
6.891338087680565e-3 5.307277002455393e-2 1.7715845371938124e-2
-3.945525216551368e-4 3.4771535819764204e-3 1.0376116702205167e-2
-6.681481365640061e-3 -3.901403569626821e-3 6.150683918257163e-3
-2.429785582014059e-3 -5.61045225203514e-3 4.6165060970028505e-3
-4.280785087264234e-3 3.0610752414925173e-3 -7.155191531654031e-3
8.226603735477307e-3 -1.089646107082397e-2 2.869146476425453e-3
1.4046195200934362e-3 -4.466676946321287e-3 8.220513054813607e-3
7.3370354480130654e-3 4.732009341357295e-4 4.926965970710642e-3
8.248849953901728e-3 9.840652913434689e-3 -1.7020125759936982e-2
-4.624863954275452e-3 5.995279186959531e-3 7.16047673866224e-3
-8.307819545184112e-3 -5.745426098113924e-4 5.853221523045275e-3
9.714060689924846e-3 -2.993276232423345e-3 -8.86348192779874e-3
1.3793814867751506e-3 6.066027497505046e-3 -7.341302977243648e-3
5.5114681192756105e-3 -8.772738813094734e-3 4.3874330274610235e-3
5.419903941818158e-3 -2.0307538249496215e-4 8.097873773574538e-3
-5.057397846202621e-3 -5.644981589494304e-3 -1.693295487765708e-3
-5.374227145496154e-3 4.948923761724883e-3 -1.6463383860379878e-3
-2.600645416970809e-3 4.922194689111276e-3 6.262744041221423e-3
-4.044011848864458e-3 6.7819443388174114e-3 1.0040180543882754e-2
8.871422794686217e-4 8.403941529075315e-3 -4.204811112650567e-3
-4.420092009642781e-3 4.664361501500854e-3 -3.6697339618094998e-3
2.274253454664057e-3 -9.411079265397474e-3 -2.169379056313481e-3
1.5441301879766705e-2 5.793654783844044e-3 5.372297480621384e-3
-1.2661961185395916e-3 6.030144809008426e-3 -5.239830694742588e-3
-6.481242658007977e-3 -3.916984135656549e-3 -3.65829836907807e-3
-3.7153152608730283e-3 3.0906043662135754e-3 7.496708044919918e-3
3.49626490469438e-3 -7.238206278438145e-3 -6.404722802504796e-3
-7.624005314136487e-3 -2.8668988372000707e-3 -3.6092491131051183e-3
-6.2738977545765155e-3 3.223027481489123e-3 3.774031320071657e-3
3.985238257429349e-3 -4.270534063637707e-3 4.2388234961471625e-3
-3.313963848595149e-3 -3.6512807125778732e-3 4.12088083392871e-3
-3.4241622272585563e-3 -1.0105519605341031e-2 8.42012357453623e-3
-6.07943160120989e-3 8.036406655319059e-3 4.894740520667443e-3
-3.9002836009612196e-3 8.489857011807815e-3 2.952739597027568e-4
9.659395787896456e-3 -5.019127770816064e-3 -2.2078010243084356e-3
5.316237531841056e-3 -5.609822408142318e-3 -2.0901786886347816e-4
-7.208877123030518e-3 1.6544071870415832e-4 -1.0021532050339435e-2
1.1583240252826149e-2 5.412599356753062e-3 -8.158361911649118e-3
6.407015202367038e-3 3.691694290184699e-3 -4.860774952588971e-3
1.9434962787906614e-3 -5.368022046725939e-3 -5.9079591366594285e-3
5.4624525783675566e-3 4.57208134470075e-3 4.88266851815696e-3
-5.469710878059958e-3 6.036543838285828e-3 9.878091525018642e-3
-4.934506971123039e-4 3.3436277492806658e-3 9.364182292755126e-3
-3.393022307643106e-3 -7.030706022383525e-3 -4.098428162965844e-3
5.719118001463618e-3 -5.3232679054703224e-3 -9.17820635480301e-4
-4.142836980743552e-3 3.8823307443653214e-3 -3.5600840617688945e-3
-9.003370194398267e-3 8.022562897721656e-3 -7.775282288799946e-3
-9.923633728826403e-3 6.74374263667904e-3 4.816712245896942e-3
5.1192898490777265e-3 4.060307480038216e-4 -8.644229972465238e-3
-4.619241648139381e-3 -5.709502926582247e-3 4.111455989996111e-3
2.2106095836676906e-4 5.52302988642277e-3 7.723505983058484e-3
5.106272700414754e-3 8.276730614847991e-3 7.042649886892191e-3
-7.843557693058676e-4 -6.9559073143356295e-3 -1.0660107069101428e-2
3.855789949954132e-3 -3.198581894612332e-3 -4.554294022691937e-3
-5.111330349620217e-3 5.469427648777057e-3 -2.2616165821316894e-3
-5.884513474109266e-3 -4.2228256300733515e-3 -4.3795862015271435e-3
-1.5908442288779755e-2 3.793798377554434e-2 -6.9489873932235035e-3
-1.5253980204255385e-2 -1.0535471231494007e-2 -1.0881893659689614e-2
2.4095120381014265e-3 4.531947304998732e-3 -6.753049543954849e-3
-7.680532482931455e-3 -1.9754079798674474e-3 4.359847514691086e-3
-9.394389610013607e-3 -5.0286384959783385e-3 -1.2807206521069522e-2
6.7958670871972075e-3 5.158900386508369e-3 -2.193707057023194e-3
-2.963502841003782e-3 3.8957465141575445e-3 6.022279312274732e-3
5.382388534151205e-3 2.6519926722687213e-3 -5.0446572966594706e-3
5.010142140190579e-3 5.137719869413912e-3 6.960745332530775e-3
2.5483618783601375e-3 -5.125507198441663e-3 -6.24521191494933e-3
6.309525474545067e-3 -5.398810341948417e-3 1.1855923158163883e-3
-6.511008722586197e-3 9.216869247918898e-3 -4.483028551047066e-3
-7.143230588886029e-3 -2.60346815268859e-5 7.904257556173385e-3
-6.557874975661861e-3 5.981000830730009e-4 1.2814534123976042e-2
2.879093222785506e-3 4.862639509211142e-3 4.198583386077365e-3
9.872249439196597e-3 -1.3337468486513424e-3 3.800531511184978e-3
4.764819608799403e-3 3.0121275917949926e-3 -5.764929943864586e-3
1.0487622536022987e-2 -5.28457790870606e-3 7.020546990797653e-3
-1.0447370306150268e-2 -6.123157319140511e-4 2.5426292227618812e-3
-4.796350215671535e-3 2.2307412968466792e-3 5.012716181975885e-3
-3.5315564596123433e-3 9.431473116583869e-3 -4.801456684650865e-3
2.9669318877420816e-3 -6.105716247661143e-3 5.9687800895430665e-3
1.0713000418212314e-2 -5.357347347010896e-3 9.053473915646284e-3
1.747447656374086e-2 -6.496626056607838e-3 6.4941890358187464e-3
-7.200619818908246e-3 -1.5303481917514255e-3 4.2541261014212e-3
1.0352634009728493e-2 6.503640508031508e-3 -1.0820338821671495e-2
-2.2287836834012577e-3 -7.8099625896121605e-3 -1.1740622545541776e-2
-3.2932337273278343e-3 3.579263253547448e-3 3.723211091367856e-3
4.6869383721677375e-3 -4.501070464074673e-3 3.57171538834226e-3
-7.6623059317302575e-3 -3.3733095456960245e-3 -6.903214017360627e-3
-3.494740025015832e-3 5.694260115592653e-3 6.466162883874812e-3
-1.1805621418218906e-2 2.883404141617585e-3 8.891987003863162e-3
1.0238631274744042e-2 6.526896147651951e-3 5.197145436529767e-3
-7.519698286464946e-3 -6.0134377906768035e-3 1.7309577358586915e-3
4.765837346118255e-3 5.365814118880745e-3 3.57332438056345e-3
2.4798007304324642e-2 -2.264956958255269e-2 2.26106698844753e-3
6.7438871238268095e-3 5.3389082655502145e-3 -1.0603430842645733e-2
1.028440868984349e-2 9.96881005710487e-4 8.164959396996484e-3
-5.880273365143014e-3 -1.9972079891197113e-4 -1.0383458425606916e-2
-5.915787927366821e-3 5.607577499046425e-3 -4.049087158532622e-3
-3.7249334847835004e-3 -7.682487850100451e-3 -2.8747539606615293e-3
-1.933546207186629e-2 -1.4310469269008783e-2 3.6916069027444365e-3
-2.971077591118886e-3 3.3769256983918272e-3 -8.385923992397657e-3
1.3871099845330916e-2 5.959452510929729e-3 5.677171195691308e-3
-7.0167929168738295e-3 -8.338198919147822e-3 -3.8728815279728893e-3
5.455396378775347e-4 8.394675459006667e-3 7.851418826622129e-3
-1.2139073960985005e-2 2.80507168811812e-2 -1.1663043911940348e-3
-1.2352333979787986e-4 -3.658076437659392e-3 -1.1927192083230119e-2
7.236667476387964e-3 5.806162483396629e-4 9.089104969755377e-3
-6.764300200655394e-3 -5.308956461157665e-3 -5.963248437324568e-4
-1.881665069504938e-3 -7.340185081373187e-3 4.000796149746738e-3
5.19220497456621e-3 3.2480282242495634e-3 1.0521877480839038e-2
-5.257323346799354e-3 -9.583842428664837e-3 -1.4702138137275814e-3
5.6574733990052755e-3 5.533629995304941e-3 -6.33248352824771e-3
-5.772649897183213e-3 6.818960401373356e-3 -6.238347209256152e-3
4.854623290066582e-3 -2.7516869822937054e-4 -6.923266214272406e-3
-4.179161996952256e-3 -1.1367346394457554e-2 1.0505475868570159e-2
3.97937007575331e-3 4.911510738451529e-3 5.291275794512556e-3
7.928611973436066e-3 -5.795109385590316e-3 6.170506776735511e-4
-9.473312728493907e-3 -2.932832088454053e-3 3.4303452023020154e-3
-5.93017961150287e-3 -3.580127224092784e-3 -5.981949405307839e-3
2.6676639567545556e-3 -6.317588434773331e-3 4.613413074845576e-3
5.638823510636263e-3 -5.511174936309377e-3 -7.951756125598985e-3
-5.57056153121975e-3 -3.5852158949397643e-3 -3.5907355023775973e-3
-2.072917081720034e-3 9.654629090403247e-3 -1.320891298179039e-3
5.0702238766078215e-3 -1.1494051608416793e-2 -1.4210827750216171e-2
-4.867510450454028e-3 2.7655823071421164e-3 7.0969222522458105e-3
-5.357220709815764e-5 -2.1103870333990162e-2 -6.205698411182065e-3
-6.795904830188108e-3 -4.319183328248397e-3 7.073930627815953e-3
-4.292362415495694e-3 -4.75150848727136e-3 2.692532342220809e-3
-4.082950566062099e-3 6.576230766494632e-3 3.6486445584784544e-3
-4.359881149922706e-3 -4.735954915416664e-4 8.528933977271337e-3
-1.0300568565986937e-2 -5.980754860650264e-5 -7.530728815882373e-3
6.420583696265219e-3 -3.5926900422925357e-3 -4.524013238618111e-3
1.8124426867547005e-3 -4.946580396099957e-3 -5.118599440174205e-3
4.811216864502475e-3 8.423581746263427e-3 -1.0250708859125855e-2
2.178537619420797e-3 7.3559036671007215e-3 3.8773547616781194e-3
-3.2794450574247977e-3 -7.5433488547855514e-3 -4.840163061166579e-3
-1.0879712632428176e-2 4.334343349897432e-3 -1.7039518637927624e-3
1.3178750532697153e-3 -5.086929169114928e-3 7.307273739087145e-3
-3.1537232320486375e-3 4.032874341837783e-3 -6.219300837000604e-3
-5.917511995049903e-3 4.191604489408579e-3 -5.864344765427026e-3
-1.1952109544653707e-2 -5.884765093108577e-3 -5.40389853971215e-4
6.863403549654489e-3 9.410873514787223e-4 -5.946086500488579e-3
-1.6467772451273708e-3 6.416292289687318e-3 5.402956277183715e-3
6.24342940060896e-3 6.894404192245047e-3 -7.811967704830147e-3
-8.443790952047323e-3 -2.6443068819919937e-3 3.5124185375364266e-3
-4.862635346966638e-3 4.986002034805805e-3 -1.7470957127817906e-3
4.700292339191435e-3 -4.770412819645084e-3 -3.2224027235085574e-3
1.0203603395386705e-2 3.090937128065878e-3 -2.093712322090247e-2
6.380687723486754e-3 -3.7740142165865673e-3 -5.045675199346541e-3
-2.09617701194466e-3 -5.23378105151282e-3 -6.0613624095221105e-3
4.308015635959084e-3 4.125104281891911e-3 -4.529552207884857e-3
-7.740002696310886e-3 -5.175350650224858e-3 -3.440944973307041e-3
-6.595565585998017e-3 3.97642950716375e-3 -5.246870967500745e-3
-4.047827434658241e-3 -6.483830594411567e-3 -5.351670596637189e-3
2.5530957121888964e-3 6.763207384836275e-3 6.596448443377069e-3
-1.0146193095159918e-2 -4.625111997181509e-3 4.9808284473009e-3
4.328651475680086e-3 1.0709069870790114e-2 -2.1627717518953793e-3
-6.590699584149592e-3 -4.513242816110006e-3 4.761320047337416e-3
7.125800077718885e-3 -6.3597694932687725e-3 -4.919613883725695e-3
6.640928546611673e-3 6.440941425030715e-3 1.4749154838445686e-3
3.387275630590101e-2 1.457160879141074e-2 -1.067099686083663e-2
-1.0693432229466093e-2 1.440463652625645e-2 -6.3369789510134954e-3
3.7534669966537665e-3 -6.600904672528396e-3 3.0622925128013724e-3
-4.318451945248964e-3 -2.7393569379970863e-3 1.060250727406723e-2
1.0614816266751632e-2 3.6787807564803714e-3 -2.1502764853465715e-3
2.1901617906542552e-5 -5.238540264098121e-3 5.574988565455726e-3
-8.37869845477288e-3 -4.006387199886951e-3 5.340289790920474e-3
-1.704146080795689e-3 -1.315912048493502e-2 -3.677099893068039e-4
8.602927247169014e-3 -4.527318385884112e-3 1.294884981404286e-2
-1.3855272386671468e-4 -5.368533477776937e-3 -6.9586954995835976e-3
2.09825987459003e-2 -1.5555704934291145e-4 2.7625472417744956e-3
1.8117060380312314e-2 -2.2327596427346365e-2 -2.6773112032585058e-2
5.8859302470936755e-3 -1.077809378341709e-3 9.313125530422108e-3
5.492145287437336e-3 6.023744035110132e-3 1.9021003168061888e-3
1.3280157104314748e-3 3.1421192455625027e-3 -1.0360075684040395e-2
1.0003343433685067e-2 1.2037066252089932e-3 2.037318875551792e-3
1.8132537828053383e-3 -7.064815820110501e-3 4.781101075977266e-3
5.590807318899024e-3 -6.685566166875051e-3 -2.001598016332137e-3
-5.158548169032539e-3 5.590877139694551e-3 -9.75125342758796e-3
-1.3387229978125874e-3 2.9594353256583964e-3 -9.15711756490555e-3
3.985534890453831e-3 -1.8329062436920316e-3 -8.06956956456338e-3
-6.155498176149818e-3 -1.716238010656115e-2 -1.4374915477164248e-2
7.490502414623912e-3 -5.763834715722609e-3 -3.45698700008048e-4
-6.178966389660147e-4 -8.91784224802933e-5 1.0246975495144982e-2
2.9894712286833687e-3 -1.6063643017477577e-2 -7.179163078729301e-3
8.831213477111583e-4 -1.1367783753301473e-2 -4.611598858579456e-3
1.9337134683960595e-3 -6.013619920517884e-3 -5.909388853985418e-3
-6.362312336254672e-3 -9.694693287002946e-3 -4.512481573907548e-3
-2.0698720529873545e-3 -9.610904792121146e-3 -1.0330497078095384e-2
1.5024584092854542e-2 -9.645561362802807e-3 3.1104162377380545e-3
2.7956332383100653e-3 2.000414337693044e-3 1.1057936090555573e-2
-4.554001362304348e-3 -2.7272032425954187e-3 -4.489003126884922e-3
1.3237286604661311e-2 4.157869879056341e-3 -4.16261491008542e-3
4.546588192465999e-3 -1.0419058976237061e-3 8.102994741431164e-3
-1.7055830537094129e-3 4.998484057504861e-3 -6.395439202467249e-3
5.3202056098558236e-3 -2.821937605617694e-3 -4.722784953874455e-3
3.682206893225524e-3 -1.6985736005534505e-2 -8.407461393639976e-4
-4.293847219092546e-3 6.470430569666497e-3 2.6682898241836357e-3
-6.926217029290019e-3 7.16956254400952e-3 3.7884451995021133e-3
-7.168039404508642e-3 7.97192170481358e-3 -3.792075020232535e-4
4.595868311030658e-3 5.246063415655696e-3 3.1419796438229793e-3
1.559375714037962e-3 4.511101671123244e-3 6.513878597169816e-3
-1.3206179128601786e-3 1.8613430503266318e-2 1.33206828051586e-3
7.361809034828226e-3 1.2820691191611669e-3 -5.667023786578693e-3
2.46977081747135e-3 1.8033978984275507e-2 4.540683161249401e-3
-1.0609543343015255e-3 2.0527088277513796e-2 8.676429153369265e-3
-5.400436464762792e-3 -1.0168839771484526e-2 -3.533055647732305e-3
-1.3853679153064164e-2 3.909333362158956e-2 -1.8568932849332125e-2
-4.68991185966386e-3 3.8661472570121333e-3 1.1448916164788983e-2
9.829092291515266e-3 7.838057776214507e-4 -1.5977142047163076e-3
-6.011764072948881e-3 -4.598478604151182e-3 1.8224194323163002e-3
-5.296136237208901e-3 -2.4363573398972e-3 9.85711381315598e-3
5.526739577543166e-3 1.449488754441862e-3 5.541726087637865e-3
-1.57990912285757e-2 7.271072881581138e-3 -1.764845883252635e-2
1.1733905652509476e-2 -7.653697442233913e-3 -6.517432009073676e-3
-2.1601388393236714e-4 -8.843865672610238e-3 -6.747390208421469e-3
1.653604517883968e-4 -1.2721797218565515e-2 -6.952759052901389e-3
5.509439425875603e-3 -2.355475058728543e-3 5.345248495507912e-3
-7.589465460055089e-4 -5.689841682800571e-3 -5.6670558681555456e-3
-1.0629240858027635e-2 -4.2960002755784476e-3 -1.4991604089071707e-2
4.739696908595675e-3 6.590665482465386e-3 -2.477964306072979e-4
5.405367991219238e-3 5.763358979947773e-3 -2.3094858218431315e-4
2.2924992612994087e-3 -5.037043647564057e-3 4.641196405777089e-3
-9.658525544412598e-3 6.3651313612348775e-3 3.900863055776302e-3
-1.757598948213817e-2 1.1348821801720305e-3 -1.4870179279007586e-3
-6.689042260807981e-3 4.6188131118000755e-3 -5.461494501539093e-3
-6.657538880787351e-4 1.2811128443318914e-2 -4.481254957280108e-3
-5.647330524333418e-3 -4.645747473461789e-3 2.4981154398944407e-3
-4.05347712020953e-3 3.765406562600623e-3 4.345302951042956e-3
5.160277936012252e-3 -1.1136151159268e-3 -8.791418219083533e-3
-6.355855298836776e-3 -9.242963310191102e-4 9.058006761326585e-3
5.747194828846531e-3 1.2726691989390769e-2 1.1294607438614844e-2
1.1622168450862685e-4 1.2993921790504579e-2 9.271228150275504e-4
8.823828910582964e-3 6.718377741014495e-3 -1.0031409627519408e-2
-9.897434677956262e-3 1.8621789989728109e-3 -3.1475671061756624e-3
-5.231023855006037e-3 -4.939106504219996e-3 -2.762152555330396e-3
-4.7840036965009726e-3 -6.950348274461693e-3 5.659525664627429e-3
1.0225106571763735e-2 -3.5451947594770587e-3 -3.8345921452301182e-3
-1.2910667676035261e-2 -2.8739196418551952e-3 -1.6615565771288831e-3
1.2974398357123577e-3 9.488760710347568e-3 -5.864436152536448e-3
5.306821462833541e-3 8.222406091464497e-3 -7.731822959551979e-4
-4.103341176062954e-3 7.038919628322313e-3 6.116894094920289e-3
1.0865920995702381e-2 -5.764652426562179e-3 -1.7736347475298276e-2
3.398330824722828e-3 6.685434453712432e-3 -7.374214479868565e-3
1.572668833228614e-3 -5.336240516967739e-3 -5.500762075892396e-3
2.1980309148901116e-4 1.0381343434760599e-2 -1.7317391001893712e-4
-6.451517466390775e-3 -9.833031065032211e-3 -4.367787444345359e-3
2.763448045042978e-4 -6.643063440370335e-3 -5.543178325159701e-3
7.157090553265411e-3 -4.82976724346053e-3 4.634267722099661e-3
5.573928501276876e-3 -1.0520564062142222e-2 3.109722138309462e-4
3.946516135660728e-3 -7.084484877002155e-3 -2.674785386880456e-3
3.955883095581811e-3 1.1885964255513292e-2 8.040518326843946e-3
-4.081476123813824e-3 3.453501438407512e-3 4.737591106466871e-3
4.965011506850336e-3 -1.9668644698525553e-3 5.65094784228765e-3
4.265317769412155e-3 7.89887440493319e-3 2.536441593163226e-3
1.0142653093632674e-2 1.407700817527642e-2 2.377208269222876e-2
-1.0734854052280232e-2 3.1266425784239223e-3 6.78418402175856e-3
5.973146765294622e-3 7.962500998134022e-3 -1.2660941869017152e-3
-4.077905890426798e-3 -7.915573338668457e-3 1.8721436493139595e-3
8.617100307673793e-3 -1.8639610866975189e-3 -3.144650356836792e-3
3.674127865757972e-3 4.275002071774049e-3 4.780724461684179e-3
8.276016987639715e-3 -5.627771730636585e-3 5.472876288094331e-3
-5.8452023031558015e-3 -1.9517543978347875e-3 -5.458373725123692e-3
-3.8299088685673083e-3 -4.145958781442461e-3 -3.953254122078881e-3
8.39200134464883e-4 -5.706558263586106e-3 -5.687675629671681e-3
3.1921753817084004e-3 -4.690889508483672e-3 7.024747789852502e-3
3.4369556297424958e-3 7.170325168857051e-3 3.2021436467963814e-3
1.0113662311931828e-2 1.1722794183243467e-2 -2.0888261767605496e-3
-3.478807553262029e-2 -8.635815696696558e-3 3.1706405667624005e-2
-3.7854192289058517e-3 -4.302913576719569e-3 5.093305444821775e-3
1.1785188359270405e-2 -3.6592360866171385e-3 -2.6555067159567065e-4
-2.9241515465865263e-3 2.475173829866018e-3 1.750217153375984e-2
-5.735858989568171e-3 -5.366467368067712e-3 6.6807586877552306e-3
3.842441296017681e-3 -1.35292101115557e-2 4.4375349747512866e-3
6.6166696759195395e-3 -2.0062635004312553e-3 5.298667363318137e-3
-1.8457006852972958e-2 1.0337965572397061e-2 1.3461888023185504e-2
-6.090923716902242e-3 -7.272304367578201e-4 -8.853874858461072e-3
7.316016391441518e-3 -4.877800521442745e-3 4.247698673029142e-3
-1.7148950298017027e-2 -4.2924090674169935e-3 -3.7004057592416933e-3
8.513596057569961e-3 -9.006485244033358e-3 1.1056631771088322e-2
-5.800050631231796e-3 -2.348510954634172e-3 5.392457550152053e-3
-3.0123965804821897e-3 1.0398207378727554e-2 -1.4488639175520915e-2
3.743410918920983e-3 1.629177118523866e-3 8.83991060258549e-3
4.971188066588874e-3 4.991990595399259e-3 -2.899024513498243e-3
-6.899521333057056e-3 -8.393047695487838e-3 9.580851852784806e-3
4.047376914826384e-3 7.115285800733206e-3 2.4601122974310732e-3
-1.2857306983744142e-2 6.2201616169966795e-3 1.6120000729924618e-3
-7.287056829638305e-4 1.628671353889034e-2 -1.5959782919057856e-2
2.108909268135112e-3 6.184018382931182e-3 -7.456628488895241e-3
-2.673089358498573e-2 -1.0497215060134447e-2 3.4458240248662916e-4
6.854771480011465e-3 -1.3639633124346785e-2 7.46524450386116e-3
6.7332693230154365e-3 5.768548647127826e-3 -9.93593783306718e-4
4.594884105331198e-3 6.675166959680314e-3 -2.241602427924572e-3
-5.531555129067146e-3 -3.7185879512867956e-3 6.358495961819166e-3
-4.156849202184829e-3 -1.6150914478090242e-3 7.276966901356126e-3
-4.905881012502236e-3 4.228085765346837e-3 -3.4239439076185563e-3
6.213952229244006e-3 -3.8980761974019397e-3 3.804761774541959e-3
-8.36444636301347e-3 3.6769238273887863e-3 -8.274481526482445e-3
-1.4277797662277913e-2 4.572823678006179e-3 1.4162807814134865e-2
5.82543953606379e-3 3.884437613002693e-3 -5.230415459845984e-3
-9.826901563720961e-3 2.0411803509485585e-3 3.6439451334130215e-3
-2.979435521969205e-3 -5.414512560709464e-3 5.361606008290515e-3
3.3110182113526175e-3 -1.6065456506275673e-2 -9.513551606489991e-4
-2.7510188951187006e-3 5.677222492830268e-3 4.574085055475404e-3
1.1669072051540358e-2 3.7595758218002128e-3 -4.873979816471604e-3
1.156738441442647e-2 -4.434778980709923e-3 1.5627407815022965e-2
1.996245281145331e-3 -1.3821159828590245e-2 -4.999048497971505e-3
1.575194509755722e-2 2.0684764065409416e-3 -5.360012672863626e-3
-6.093782345276587e-3 -3.7737588954798395e-3 -3.4481624335396463e-3
6.861296485558396e-3 -3.5499650195707244e-3 -8.845749967979523e-3
7.049965949362588e-3 5.760266178981278e-4 -8.391883592317004e-3
1.3290548905065744e-2 6.790484424388155e-4 -1.6099879923739773e-4
6.366428569932681e-3 1.1194228450901695e-2 -5.708242519916555e-4
-7.035251936687345e-3 -8.71225227177576e-3 2.3992371737950823e-3
5.096845653234995e-3 -6.250342720118778e-3 -4.2388393049801595e-3
-5.4761482883185384e-3 -6.4480734866067535e-3 1.4904681507703062e-3
6.293120105170854e-3 -6.0479308214411216e-5 5.457756746814561e-3
-4.622677629167967e-3 -1.3842312067129948e-2 4.688134301613895e-3
-6.968949028842759e-3 -4.228193659268126e-3 5.750283082699086e-3
4.955159620127391e-4 -4.263626028185015e-3 8.217363025753932e-3
1.2856433594828113e-2 -8.603670180831185e-4 7.421316576078435e-4
-3.086814992706155e-3 4.091112870905252e-3 -5.811588665286387e-3
-3.8997173667027836e-3 -1.4746435027089989e-2 -5.912352912471791e-3
-5.222656675503366e-3 -5.1417527345431575e-3 2.147361932890528e-3
4.895378012098579e-3 1.2261555350114846e-3 5.475207641947437e-3
2.2540126148034682e-3 6.28017046959238e-3 -6.04611576678349e-3
7.895141151703682e-3 -2.047361516567697e-3 -5.22684208013885e-3
-8.041973657196553e-3 -2.0141026349137923e-4 6.4519907170539565e-3
-3.3186087187895615e-3 -1.5059648223225586e-3 -1.539961647282155e-2
-8.325941416465881e-5 -1.016522119285017e-2 -5.030076510773987e-3
-6.819786612388546e-3 -7.1930354990709065e-3 5.359744493675677e-3
2.026301311281848e-3 4.983907397559841e-3 5.677104382196834e-3
2.245570702530127e-3 -1.9917656757371316e-3 1.0305449522728632e-2
4.618044081747308e-3 -3.2140558461513876e-3 1.1753273450884658e-2
1.8898413851534683e-3 -1.556027090660288e-2 1.65312689912259e-2
5.792232588794655e-3 5.458241473850823e-3 6.92933821760998e-3
4.434201802869307e-3 -9.71078602372733e-3 -1.1022684107253572e-3
1.7109695949990803e-3 9.734602279741105e-3 3.948899312360318e-3
-1.4999328132640087e-2 4.940308878390626e-3 -3.959270615055826e-3
2.298399942906906e-3 8.149995090450179e-3 6.8396412305631645e-3
-1.2628317939633368e-3 -1.0633669809984808e-2 5.629472047759893e-3
7.102890285617183e-4 -1.5234607878735837e-2 -3.1491087082534245e-4
-8.22256212491412e-3 2.611858966990245e-3 -4.011694447308998e-3
3.3380825005790878e-3 -5.2978246625806965e-3 4.264742581644589e-3
-6.412612927675835e-3 -2.062969788950172e-3 -2.2874452329570125e-2
3.7687618138115765e-3 1.2451415786589707e-2 8.219108323742884e-3
5.854680792432094e-3 6.510039484307998e-3 -3.354222427612766e-4
-8.80227284641933e-3 3.35078392738813e-3 -2.970629744066066e-3
1.0064926763038965e-2 -3.3961701262726057e-3 4.456597199320335e-3
-4.771799213956193e-3 7.129496249462161e-3 -3.7874042627519667e-3
1.0982801368769723e-2 -1.1366526910273626e-2 6.555301749288262e-4
-3.692889551863097e-3 6.342249011980948e-3 -4.575293930593863e-3
2.278925992793693e-2 9.163523397360582e-3 1.5368406261559756e-2
-2.5842719223379473e-3 -1.0540911386849223e-2 -3.922434073082873e-5
-1.9854463719871135e-3 1.2421809220597362e-2 1.6054178948593664e-2
-3.0499361877558773e-3 -2.450829945709393e-2 1.1245667020606734e-2
1.4897371714013717e-2 -2.301318407825314e-2 -2.6940383907388195e-3
1.1741891731395426e-3 -2.2398045682579778e-3 1.3161311839197373e-2
7.417983252631434e-3 -4.245885998929557e-3 2.1802745600254326e-3
-3.209548672721719e-3 -6.1275109053482366e-3 -5.613248064868328e-3
-2.4884588797475142e-3 -5.133587266913913e-3 4.752694630187212e-3
4.52953447520314e-3 -3.0305021800419987e-3 4.111494014790527e-3
-1.3359709638904649e-2 -1.9040884704822829e-3 3.848878030207896e-3
-1.0079362705946065e-2 -8.537977575380311e-4 1.8659760350345434e-2
6.495068564344696e-3 -6.600176256092876e-3 -4.847104470704979e-3
-8.549471266023173e-3 4.38245481090377e-3 7.790712231797506e-3
2.290697596381776e-3 7.6559518567586565e-3 -6.088301600713794e-3
-4.83516602003375e-3 1.9401796968343712e-3 4.8269048988790406e-3
-4.619400821931925e-3 6.008049636122416e-3 4.2044764990642e-3
9.944765336228959e-3 -6.04649513755488e-3 6.456720958747882e-3
4.581487258326491e-3 -9.96261622054764e-3 -1.7177780425613794e-3
5.016294993168781e-3 -4.69389450753378e-3 2.7784717985736484e-3
3.6050082994364854e-3 8.227238376405677e-3 -2.9055300562888004e-3
-4.971477250615378e-3 -6.1022671657067346e-3 3.648620933465196e-3
-9.453588416206877e-3 3.825522258986815e-3 -5.51800486802847e-4
-9.425712966261153e-4 5.136466738240393e-3 -5.032227113687711e-3
-6.696378292461498e-3 2.1957123689736523e-3 8.421726401216603e-3
3.929931649465586e-3 -5.054451946040341e-3 -3.3916010453247e-3
-7.121517878338355e-3 -1.1846169372757804e-2 -5.614305536175382e-3
-1.2373674240819664e-3 -1.271315559886365e-2 -3.064621292208074e-4
-3.7987904368843935e-3 -3.8081626463596814e-3 3.1926809444937205e-3
-2.4061783695679567e-3 -4.789417068278549e-3 6.21794167425223e-3
-1.2566834767093916e-3 -6.612823345715828e-3 -8.036158101496741e-3
-6.75158639458166e-4 5.850714344662914e-3 -9.723668055780794e-3
-3.983857433043767e-3 4.639238155875072e-3 3.0118832230691577e-3
1.2597696834531196e-3 3.822254308550315e-3 8.926725758272714e-3
1.7779956294702544e-4 -5.335838335884632e-3 -7.148286297942672e-3
-2.139569039159967e-3 -2.85618929504195e-3 1.2921128183580355e-2
-7.857355423673607e-3 -2.8128892939904577e-2 8.802485258844644e-3
-1.9028018168210697e-3 3.693411484500726e-3 -1.9721066404920242e-2
1.747002131820201e-3 -1.4595462414666418e-2 2.7636409143216183e-2
8.73021679551284e-3 2.72738401021948e-3 9.603060208463372e-3
-1.2051940941626491e-2 2.838089415037237e-3 -5.69119596312685e-4
3.7938897973462653e-3 4.948503467774962e-3 -3.926795535339861e-3
8.871049715402894e-3 1.8536024702287355e-3 -2.7661118834296887e-3
2.295491853408793e-3 4.486196216093557e-3 4.656501167847587e-3
-9.279946009921576e-3 5.559623322749295e-3 1.021306857895164e-2
-3.5841296177605746e-4 7.021258316247738e-3 4.6666184007302875e-3
-2.088026974204432e-2 1.2071600025212728e-3 1.5452510658818489e-2
7.844029797066969e-4 1.5068785238561281e-2 -1.5696909525638265e-3
5.413383470079847e-3 1.179350450402846e-3 6.180975800031964e-3
8.915937039986943e-3 5.544146458654806e-3 4.072405872043663e-3
-6.019553649609567e-3 -7.64594215541467e-3 -3.997207024795181e-3
-7.596557135271147e-3 1.3111700371932053e-3 -1.292874618436528e-2
-7.792437626092451e-3 3.791713063888901e-3 1.771585246949692e-3
5.185705087235334e-3 2.4947763861260116e-3 -4.6703164634079326e-3
5.0271648358721985e-3 -1.4131423837913635e-3 5.600208881300836e-3
-6.006974900201688e-3 -5.521103608366458e-3 -1.4559557858856219e-3
-6.283571454772277e-3 6.225845043736663e-3 -2.645802308919494e-3
1.957788502847256e-4 5.33667826461193e-3 -6.158924254580341e-3
-5.376819748746279e-3 -7.459422693382274e-3 1.965543701109869e-2
-8.589404839823548e-3 8.998756474443668e-3 6.600705497586342e-3
3.3457356307865743e-3 5.224008821174193e-3 4.3912807834223e-3
6.436595919686149e-3 5.263800228112524e-4 -6.873939495007738e-3
5.424998447521165e-3 -2.1855984389798477e-3 -4.919016736103744e-3
4.792698922897628e-3 -1.674551192704955e-2 -7.137588795192547e-3
3.7272726793160568e-3 4.617410842594233e-3 -6.766736917411505e-3
-1.0191336347253638e-4 -8.329360810764224e-3 9.16154027455634e-3
-1.8428057965113797e-3 -8.356311853296742e-3 -3.2573200203046024e-3
5.248708975841663e-3 6.75228839828364e-3 2.115654477702504e-3
5.703615838326364e-3 -1.8402114076121747e-3 -5.1410851800406466e-3
5.9562968189836975e-3 3.1056323758039956e-4 5.949290682663381e-3
5.926059807398776e-3 -5.452122426822938e-3 -3.035427325383509e-3
-6.89969668208643e-5 7.7947549236270595e-3 9.0158327165672e-3
-9.490237288323369e-4 1.1835911591724643e-2 1.5610628369223973e-3
1.7280089546673199e-3 -6.672302363050682e-3 -5.07528450115852e-3
-3.930701355216527e-3 1.1058718663944858e-2 -5.1299740798454105e-3
2.358935644029623e-3 -1.5615004713442576e-2 3.612793238748991e-3
1.7762049264705786e-4 -8.338585839628727e-3 -6.8972837945952895e-3
5.007521248552765e-3 -6.937986387847717e-3 -8.162632343632825e-3
4.305462209030647e-3 -3.5266465264396562e-3 3.954916391026666e-3
-3.083407907404517e-3 5.511228835328815e-3 -4.980762100801331e-3
9.040061358883519e-3 1.144229633902037e-2 -4.980549064676376e-3
5.994765219296103e-3 3.1412272414316983e-3 5.76866589638603e-3
4.80928558420157e-3 -9.79737400674559e-4 -7.527229761385391e-3
1.1968588594603517e-3 -5.292833125778341e-3 -1.4629820234197623e-2
-1.354282092461651e-2 -6.100326706542847e-3 -1.2817567002644074e-2
-7.100222249210924e-3 3.374289869655417e-3 -6.043862808594413e-3
-3.3759348299799443e-3 -5.2750755695750735e-3 4.040542185375155e-3
-4.597730599162895e-3 -9.028980966081235e-3 -5.392213340831549e-3
3.1492596513607632e-3 -4.631693118792027e-3 9.106874182659467e-3
-2.848966925752257e-3 -6.993333432218261e-3 4.4231374366625244e-3
1.0436511761388442e-3 5.561357133464695e-3 -7.288452703649009e-3
-6.111026310203355e-3 7.143603672997594e-4 6.758107634465169e-3
3.0361538324563293e-3 2.2461642103813024e-3 8.314052616341829e-3
-1.938022024544824e-2 5.176616994146078e-3 2.482311157949786e-3
3.8482377005662717e-3 9.060191778131816e-3 -3.5138773985657866e-3
1.0590666156819447e-2 -3.2170061245298935e-3 9.498925287957747e-4
-7.617937534356446e-3 6.251977491803625e-3 -1.9719544561330564e-3
1.2304114226992985e-2 2.967799513697012e-3 -1.2831755879166728e-2
-1.649126946771031e-3 -4.194055198256522e-3 9.51869513782093e-3
7.801158287748641e-3 -3.928828636830672e-3 -2.0814067762259655e-3
4.360055557205883e-3 -9.447257512332451e-3 3.954887899126865e-3
-1.0676893043360934e-3 -1.3051740193613388e-3 -1.1226535058740683e-2
3.5475189968805975e-3 4.9953225484533565e-3 -8.073102216090446e-3
-3.9154624419372175e-3 -3.0876196267293795e-3 3.8605878968899603e-3
-7.483834008977415e-3 2.0442556081908874e-3 -5.569413647501353e-3
-1.1051092370439254e-2 4.810452560717029e-3 -1.2531629807112285e-3
3.4841818191026206e-3 -9.530823630519825e-3 4.057876305215027e-3
9.456200081473543e-3 -6.523227073274342e-4 -4.25163837451946e-3
-6.144005557375726e-3 3.3826086207725137e-3 8.366523626906935e-3
-1.1253158152384306e-2 1.6667150358189227e-2 1.6903170850582601e-3
-7.43989948355243e-3 1.0334901475307493e-3 -5.512357106156817e-3
1.4091957558389865e-3 -3.3135872831840554e-3 -9.563663126186384e-3
-3.1782241007215135e-3 -5.713849368295115e-3 -6.986159969989302e-3
6.091376205419562e-3 -4.094113944738955e-3 -3.944412637215891e-3
-5.143465530240069e-3 5.761152362177499e-3 -1.3498339699756713e-3
-6.7400438111013235e-3 2.3209375431202986e-3 -1.3845256385235894e-2
-6.083819585159513e-4 8.538776688424442e-3 3.7664492180538196e-3
9.214635694867513e-3 -2.1595738948489467e-2 3.08081099643492e-2
-1.5853442403668695e-2 4.058941543276058e-3 9.518399948866925e-3
-2.4152084188020116e-3 3.0600777796390213e-4 -1.061348175356266e-2
1.2425494723517564e-2 1.2672822381656765e-2 1.6289326320289633e-3
4.737383833431986e-3 -1.214372447483491e-3 -6.232768429037088e-3
1.5742066398218063e-3 5.247849806436801e-3 6.2601312019438015e-3
-4.7819695268277815e-3 -2.6008419449129482e-3 -9.020063353250198e-3
-1.0706414466590977e-3 1.226280746151708e-3 -1.1121664569385596e-2
-1.602997864830114e-3 -9.654722947666785e-3 -5.728031739430907e-3
4.561091958538776e-3 -3.7039090663144865e-3 -3.8791783240581016e-3
-5.230556024543159e-3 5.7872021924118035e-3 -3.2817525469087615e-3
2.666064326852009e-3 -1.0126964925736679e-2 1.993343580047951e-3
-4.381686113166391e-3 8.423599764263968e-3 -5.058903825916126e-3
-1.9317840113861479e-3 -6.616431053331529e-3 -4.3995795891037396e-3
6.015951440543809e-3 3.4212098738356216e-3 5.132880353883303e-3
-3.6239478676796514e-3 -8.280820442208604e-3 1.5585517313606466e-3
-3.1156830026628094e-3 5.495058277842628e-3 -6.2728791919321085e-3
-4.587772887476047e-3 1.269955851962834e-3 7.827195671356079e-3
7.1860703407838e-3 -4.512496921739084e-3 -7.645562988821254e-3
1.9819771784078733e-3 -5.251600546575424e-3 8.127818136070704e-3
6.026839756866211e-3 9.315355679741608e-3 4.803418448711821e-3
5.366835450977354e-3 -5.064011310805569e-3 -4.059541926465105e-3
5.0009720981760266e-3 5.26659140511366e-3 6.970825583449021e-3
6.325181292432045e-3 9.03010852527989e-3 -8.505551113602511e-3
-1.4043325358186275e-2 -3.2649039839901103e-3 1.3126079672394767e-2
-9.58420157367794e-3 1.0499437008911152e-2 -1.4751449911871964e-3
4.938060058338426e-3 -1.4706473938532501e-2 1.6822282530932677e-2
-2.7468727525262145e-3 4.463836615919419e-3 -6.010935002756731e-3
-6.103740127629649e-3 8.379325159800133e-3 3.0820270652998126e-3
-5.225966485136999e-3 5.963466204847562e-3 5.3602886140925385e-3
-4.823471798518074e-3 3.3896228608549107e-4 1.0958039147263678e-2
-9.662152989123401e-3 -9.471062906100148e-4 5.199256128843249e-3
5.8718394662329665e-3 6.561865216625091e-3 -7.416890069089316e-3
8.074461021855762e-3 -1.3856426675128747e-3 -4.274293714473947e-3
-6.94781721985323e-3 -7.189494812702354e-3 3.7803690187317362e-3
-2.7992060162566955e-3 -5.351698239540459e-3 5.0182813476444665e-3
2.4441414809918925e-3 1.6991380436596832e-2 1.0578267410587676e-2
-2.4770990283555e-2 2.0479880371342563e-3 1.1150203107219842e-2
-5.263042666203748e-3 5.527691934144669e-3 1.9477055322598038e-3
1.0983905807700593e-2 -3.4476087091241748e-3 4.346406284983164e-3
3.620610551235339e-3 -6.1840711181115875e-3 9.45426626559464e-3
6.863221651613296e-4 2.957365403807475e-3 1.1895691207128143e-2
-3.2218549674613898e-3 5.62959561224541e-3 -4.506865419101539e-3
-4.293795000001525e-3 -2.9374855602995182e-3 5.329633640826831e-3
7.7717661108629085e-3 1.1113397241751663e-3 2.837931608631123e-2
2.177846000291151e-3 4.673613341661198e-3 4.771169112911831e-3
1.2264078470403719e-2 -6.2782173470904345e-3 4.739373802074908e-3
5.4967628100316005e-3 8.285363909514575e-3 3.8581104633074437e-3
-3.1291767203528243e-3 8.75715378138266e-3 2.589424584856967e-3
9.486385441532533e-3 -7.124062506772932e-3 8.572006781229697e-3
1.9321820193446304e-4 -5.1386543574807415e-3 6.033763239315917e-3
-5.366464805065737e-3 -7.197802845445856e-3 -3.440067857927739e-3
-1.1048734643439567e-2 -1.777151725116681e-3 3.3750668047293915e-3
-1.2160758992701378e-2 1.384654885793268e-3 -3.9806554669933256e-3
7.068959685099697e-3 -3.9035789669102073e-3 7.608575894015075e-3
6.311099438681152e-3 3.4927070735430617e-3 -3.764381489115513e-3
-4.815114769400143e-3 4.3984470214945125e-3 2.6912663239743984e-3
2.8186551252266e-3 3.3062876496108362e-3 -2.7508886152015865e-2
5.8541209208603315e-3 7.095990657640721e-3 5.564535227620384e-3
9.537929701742288e-4 -1.2094572277116798e-2 1.0337097258514097e-2
-6.083182681883261e-3 4.154951034253595e-3 8.571921442651788e-3
-1.2563934599428072e-2 -5.531863935050121e-3 1.0279976610950589e-4
-3.0211458632949904e-3 8.209463364186443e-3 -4.493920434227602e-3
4.940491284698628e-3 -8.499364502193971e-3 -3.885264747614301e-4
2.257388356062538e-2 1.8521745745312638e-3 5.400454890759297e-4
1.0648814341408163e-3 -1.4957689926172862e-2 6.59612628177905e-3
1.759381554989459e-3 -8.348815130075387e-3 4.8590367761577e-3
1.3564717323728249e-3 8.093988379712469e-4 1.6028055029609464e-2
3.096361871803029e-3 1.3266023468023007e-3 9.942492835592133e-3
-2.539564234722522e-3 -1.2451894326349165e-2 -6.142768928039321e-3
-8.649831786234529e-3 -6.95592335215424e-4 4.950527183000332e-3
5.5379107794032364e-3 -6.892310414898685e-3 -2.0398566365447242e-2
-8.573014726702672e-3 -4.0270216526635295e-3 3.7018866867844023e-4
-9.363520891640834e-3 2.3829198989195046e-3 -2.5663524797921236e-3
-1.304153193565842e-3 5.225142360744746e-3 8.34034637301305e-3
-2.0134881408076415e-3 1.1750113276566054e-2 3.6060907451087106e-3
-4.744163160928622e-3 -4.324746391834417e-3 3.4153270160872354e-3
2.21280696316845e-2 -1.8789589930679924e-2 3.3613521522825435e-3
8.54736350136948e-3 -3.5296238147040798e-3 2.9055954427753866e-3
-1.359242862958714e-2 -1.1870393257204306e-3 4.132245868265776e-3
-3.8896302146699977e-3 -5.008354812330974e-3 3.357166320306779e-3
-2.2984422556965783e-4 5.643962684848264e-3 1.2620471405734775e-2
9.853055063402266e-3 1.6236127081899455e-2 -6.007689193443504e-3
-3.957068978864878e-3 -5.3888080727618765e-3 3.2207301238620484e-3
1.170315036115274e-2 -2.8199609539084135e-4 4.960932404370115e-3
3.5506580962692373e-3 -1.2688552570013202e-2 4.827636425611476e-3
4.438006895454991e-3 -4.120004395251266e-3 -7.205629163248906e-3
-8.922697823088436e-3 4.673080614532388e-3 -3.9591102779351255e-3
-6.727521079263963e-3 4.558909670559175e-3 1.2274138137419602e-3
6.675628266096592e-3 -5.017138458036489e-3 3.8827219330750124e-4
-2.8455754138396933e-3 -5.1937919459285825e-3 4.1632177765031225e-3
-7.4827912304605785e-3 -4.649750145090448e-3 -3.0182304017957744e-4
8.07502768786085e-3 2.2946682470091174e-2 2.4559509942330436e-2
-2.790970807142169e-2 -1.5709636284612607e-2 8.567052560847171e-3
-7.600791316357926e-3 4.625990928393898e-3 -1.7441650880018287e-3
3.284217281449675e-3 -6.6569283889101735e-3 3.404295085913206e-3
1.4274544596139806e-3 5.49454752325137e-3 -7.001001095364033e-3
-3.532005448809432e-3 -5.7287074209394434e-3 5.888848791223909e-3
-3.582793997634854e-3 4.646713166672104e-3 3.7222944787876702e-3
3.684778948146168e-3 -4.395231030613375e-3 -5.8156678546882465e-3
-8.822633610081468e-4 1.1673910780026693e-2 -1.9524527623605021e-3
-4.794070787736948e-3 -8.10705981199263e-3 -5.103987206314621e-3
1.1305286354049947e-2 6.290919159355747e-4 -1.087690800966865e-3
1.4837199460402932e-2 1.3266162071404817e-3 -2.953894806067164e-3
4.351458489912313e-3 8.013121090118385e-3 6.887678620506766e-3
-5.874844925202585e-3 6.786503157739522e-3 -2.980543044677698e-3
1.6846037761622835e-3 -6.15499651183679e-3 5.387386813699656e-3
-1.164145627803111e-2 -3.152502904523063e-2 4.220097859825724e-3
5.894122489303331e-3 -5.042352592586975e-3 -5.306040275304788e-4
7.6570196861927555e-3 1.1113257241905556e-2 9.394731821213606e-3
-3.568500860412835e-4 -6.92799963246988e-3 7.816104201936805e-3
-3.660415388743708e-2 -1.3845217634000262e-2 1.3397044821738301e-2
2.450414278362427e-5 -6.590516330520769e-3 -6.603632052573825e-3
2.8193271410935604e-3 -4.886358702974455e-3 5.0186024061375e-3
-1.8168738569339724e-3 3.3849560009545617e-3 1.0071641016145983e-2
-1.36236118332077e-2 2.449886330873955e-3 6.692876636862335e-3
4.578029196936145e-3 1.8609269613008063e-3 -5.937854731154303e-3
-2.377929317374097e-3 -3.990105490503348e-3 1.2011960258319673e-2
-5.640120351146372e-3 -1.382230509760353e-3 -5.147874432105823e-3
6.255739323505047e-3 5.469157580751562e-3 -2.5424547510687588e-2
-1.6317149075346874e-2 -1.8419244246490066e-2 -6.562958120778288e-3
-4.319080672380783e-3 6.064100283712094e-3 8.891127525682834e-3
-4.888927097636903e-3 -3.155607995222356e-3 3.9150514088166985e-3
-6.2407718350179185e-3 3.3449385750480213e-3 6.358414860477774e-3
-3.2689558071907227e-3 -7.530505405063023e-3 3.387633708174724e-3
3.0483709528146977e-3 -5.263931502915556e-3 4.189591190083098e-3
8.04901496259769e-4 4.889398767418936e-3 -6.675139386056029e-3
7.914173152001117e-3 -3.077000924410898e-3 -4.7871622931271e-3
5.914512313814211e-3 8.030181312391884e-3 -4.985662289745565e-3
-1.005732633196617e-3 -6.661737847661479e-3 6.220328413655399e-3
-1.2232639776380502e-3 -3.6373045828093273e-3 -8.676394450495005e-3
-3.3338283468957487e-3 5.1121518410418105e-3 -4.081665616322332e-3
2.7701858009805164e-3 1.421337179059003e-2 -6.6881841436248046e-3
4.482097044216351e-3 6.150935587419585e-3 -3.014100347453734e-3
9.475582636995149e-3 -1.5351955203907744e-3 5.261919447430492e-3
-9.510298288863041e-3 8.553074656765405e-3 3.857726517949851e-3
4.729405766573546e-3 5.318890667273489e-3 7.621963463008939e-3
-7.311251618430974e-4 -6.997562631303584e-3 -5.298545901310749e-3
1.6011485930170922e-3 1.0219949831323545e-2 -1.7829551525585996e-3
6.709272272572672e-3 -5.78698745641576e-3 -3.8304189126530603e-3
4.940826918393447e-4 5.3563547593073425e-3 7.923459361831139e-3
5.413894376251566e-3 -2.221186684355654e-3 4.671007093158419e-3
-7.55535561308165e-4 5.638910527347843e-3 -5.723533241748833e-3
2.874688514737511e-3 3.4559188357283824e-3 -7.667334001511299e-3
4.074738520862874e-3 -3.7297206901260285e-3 3.8208963393378263e-3
1.437877963978629e-3 -5.239509267659814e-3 5.0933111732728974e-3
-5.649866864571727e-5 -3.994992385813366e-3 1.0198220819018666e-2
5.719793434144508e-3 -1.1719293292701755e-4 -6.231489308292351e-3
8.005427556268084e-3 5.6047930838508475e-3 1.2177624489637813e-4
1.1937720480382093e-3 -3.704075188966991e-3 1.0153703707839828e-2
4.2143629104266617e-4 -6.48698597640371e-3 -5.7016857330646695e-3
5.177471907537069e-3 8.065238659406155e-3 -1.4108788442306273e-4
-3.680618900840768e-3 -7.578644567381891e-3 -8.148051405258257e-3
8.497237565457783e-3 -2.944800366635306e-3 -6.589797551199648e-3
1.3121201093217391e-2 8.179106468267479e-3 3.302218259616504e-3
8.159673318956638e-3 -8.820944834473805e-3 -3.8558376491025104e-3
2.543857225321667e-3 -4.777250931371626e-3 -7.19650557518844e-3
3.2284533945061296e-3 -4.457221035318413e-3 -4.61914410388027e-3
4.0484587971069425e-3 2.67395200826691e-3 -6.722916959743734e-3
-9.33010976978992e-3 1.184096149849201e-2 -5.453378403114384e-3
-9.120459622893734e-3 1.500708286432794e-2 1.7538204832961725e-3
3.33241792479878e-3 2.6446784066895992e-3 -8.95863371480479e-3
8.51055224447965e-3 -2.9828092048624594e-3 8.356576793137472e-3
6.734201716604108e-3 -3.0143516259542287e-3 -9.07012798276725e-3
4.372559906964133e-3 -7.5404599559456475e-3 -5.979923113385142e-3
6.362492260496002e-3 -2.4064023513159087e-4 6.655749863776799e-3
5.692956698109794e-5 6.400151203041033e-3 1.5962425943016178e-2
-5.583596730691705e-3 5.2015798976518e-3 -2.1670060050078383e-3
-9.346399025967627e-3 -9.695156186188658e-3 -1.0217620341840074e-2
5.0101231689067e-3 9.108624239386365e-4 -5.352303131606581e-3
6.0577989399018765e-3 -4.872614293544827e-3 3.2763571832470626e-3
8.136517765925224e-5 -4.619972448291447e-3 7.91253184315695e-3
1.0868442919693053e-3 -3.751498318536444e-3 -8.463564826116422e-3
6.693376597970789e-3 -4.527160865747844e-3 2.5116326338880945e-3
7.583445616585806e-3 7.451389531849311e-3 -5.799709407598999e-4
-4.322398473612566e-3 3.5679911023167163e-3 -6.511371599567913e-3
-8.842243800676587e-3 -1.584070388737858e-3 4.521698163525423e-3
-1.5914312868718584e-3 -8.642980627389262e-3 -4.999410185782073e-3
1.1968278191590341e-2 -8.957578601980355e-3 1.076341889559042e-2
2.4874349128941506e-3 1.2625244668028057e-2 4.499098512435988e-3
-1.4753895924687004e-2 -1.3249502149850987e-2 -1.0845391597863907e-2
-6.287276354339293e-3 7.686507898076657e-4 7.191732776605822e-3
-8.870369200310271e-3 -1.1266321948303817e-3 -4.8432589437906876e-3
4.29629731255965e-4 1.1136802803786853e-2 -7.074824057023591e-3
-4.328063543944826e-3 -2.6649366656774035e-3 -6.5487696379505555e-3
1.128347002962338e-2 3.201300039212023e-4 -4.7248201107832075e-3
5.503399634196566e-3 -5.913840137486754e-3 -1.7707122593900923e-3
-8.285084495154499e-3 -1.8162585255709664e-3 -6.418772643674963e-3
-5.995072904761102e-3 -2.0868095458097596e-3 -4.603489804178795e-3
-5.348037633776145e-3 -4.477761855307381e-3 -2.7683745742453033e-3
-9.180764895984156e-3 -1.79974100901793e-2 7.685178708926302e-3
-4.705425590428351e-3 -5.189795839940833e-3 -4.689810614266231e-3
-1.1964964284831542e-2 1.6304851473921433e-3 -1.2674516957796509e-3
1.933597608057958e-3 1.6331099860262245e-2 1.1380385683231964e-2
9.115194194993869e-4 4.816655154595918e-3 1.1517709127083142e-2
3.048060352089673e-3 4.1346296902721475e-3 -4.393015095516901e-3
5.110253393983538e-3 -1.198527612805027e-3 6.02007544503757e-3
-1.273694721121604e-3 -3.8058275442344382e-3 8.85205502865596e-3
-5.779615819299925e-3 3.4550631893325943e-3 4.587609109480226e-3
4.397245368279294e-3 2.9014380629807553e-3 -1.279940709884948e-2
-4.290628985632041e-3 8.159074953932033e-3 1.3263029075558307e-3
1.9690314618348546e-2 4.145451091746012e-3 4.931438745990572e-3
2.0382876057710646e-2 1.3827656875530438e-3 -1.2437648457580108e-3
4.631602117588825e-3 5.0174795331276775e-3 -4.43575307661631e-3
4.550404650986665e-3 -3.957741130907469e-3 4.598839768755263e-3
2.3169702398485818e-3 -3.7230530309599096e-3 7.774447735447558e-3
4.3265752961857565e-3 2.1986198963630165e-3 8.736851760919474e-3
6.592056033958414e-3 5.782820462802392e-3 7.331571711925859e-3
8.926859075000727e-3 -3.7303302367512056e-4 4.532443642600194e-3
1.0152533907055956e-2 -3.3153644583085507e-3 2.613937851419034e-3
-1.4307655883972813e-3 8.470663671562489e-4 1.029902206477243e-2
3.46988404695471e-3 -4.494817397342546e-3 6.07984175714065e-3
6.027767665253554e-3 -1.251877481166679e-2 5.602688587975668e-5
-8.544345397066534e-3 1.089257271595366e-2 8.716628008549226e-3
1.0370823009351781e-2 1.107697978374079e-3 -1.1749315065646979e-2
-7.288657001975234e-3 2.1685758272896017e-3 -4.731828583639217e-3
-8.800004965593983e-3 3.533554740857183e-3 -1.269828072969688e-4
6.264698639587637e-3 1.1028950010542327e-2 -9.145135354798856e-3
1.0866611080411924e-2 -2.799801113055669e-3 -6.286277363741388e-4
-4.724246204886408e-3 -3.9512918721110925e-3 1.246566376902018e-2
-4.651806465088577e-3 3.217370413244515e-3 5.195625385972145e-3
3.859595460765572e-3 3.3599419854523725e-3 3.746075269342637e-3
8.569593857359708e-3 3.487855880919935e-3 4.007727380443673e-3
7.108470927647214e-3 8.818516819513176e-3 1.8136221993901517e-3
2.053784591834409e-3 -5.0995729248243995e-3 -4.581398214853124e-3
-3.5183925789410465e-2 1.0918713129813372e-2 1.1475127626147306e-2
3.7243222825724346e-3 5.649084542190383e-3 3.4886903663701235e-3
