6.0 0.0 0.0
5.706339097770921 1.8541019662496843 0.0
4.854101966249685 3.526711513754839 0.0
3.526711513754839 4.854101966249685 0.0
1.8541019662496847 5.706339097770921 0.0
3.6739403974420594e-16 6.0 0.0
-1.854101966249684 5.706339097770922 0.0
-3.5267115137548384 4.854101966249685 0.0
-4.854101966249684 3.5267115137548393 0.0
-5.706339097770921 1.8541019662496852 0.0
-6.0 7.347880794884119e-16 0.0
-5.706339097770922 -1.8541019662496838 0.0
-4.854101966249686 -3.5267115137548384 0.0
-3.5267115137548393 -4.854101966249684 0.0
-1.8541019662496854 -5.706339097770921 0.0
-1.102182119232618e-15 -6.0 0.0
1.8541019662496834 -5.706339097770922 0.0
3.5267115137548375 -4.854101966249686 0.0
4.854101966249684 -3.52671151375484 0.0
5.706339097770921 -1.8541019662496856 0.0
5.755282581475767 0.0 1.545084971874737
5.473599002232522 1.77848012510613 1.545084971874737
4.656121415844014 3.38287022416721 1.545084971874737
3.38287022416721 4.656121415844014 1.545084971874737
1.7784801251061302 5.473599002232522 1.545084971874737
3.524094195796407e-16 5.755282581475767 1.545084971874737
-1.7784801251061295 5.473599002232522 1.545084971874737
-3.3828702241672093 4.656121415844014 1.545084971874737
-4.656121415844013 3.3828702241672106 1.545084971874737
-5.473599002232522 1.7784801251061306 1.545084971874737
-5.755282581475767 7.048188391592814e-16 1.545084971874737
-5.473599002232522 -1.7784801251061293 1.545084971874737
-4.656121415844015 -3.3828702241672093 1.545084971874737
-3.3828702241672106 -4.656121415844013 1.545084971874737
-1.7784801251061308 -5.473599002232522 1.545084971874737
-1.0572282587389222e-15 -5.755282581475767 1.545084971874737
1.7784801251061289 -5.473599002232522 1.545084971874737
3.382870224167209 -4.656121415844015 1.545084971874737
4.656121415844013 -3.382870224167211 1.545084971874737
5.473599002232522 -1.7784801251061313 1.545084971874737
5.045084971874737 0.0 2.938926261462366
4.79816093776422 1.5590169943749472 2.938926261462366
4.0815594803123165 2.965426543030357 2.938926261462366
2.965426543030357 4.0815594803123165 2.938926261462366
1.5590169943749477 4.79816093776422 2.938926261462366
3.0892235811164056e-16 5.045084971874737 2.938926261462366
-1.559016994374947 4.798160937764221 2.938926261462366
-2.9654265430303566 4.0815594803123165 2.938926261462366
-4.081559480312316 2.965426543030358 2.938926261462366
-4.79816093776422 1.559016994374948 2.938926261462366
-5.045084971874737 6.178447162232811e-16 2.938926261462366
-4.798160937764221 -1.5590169943749468 2.938926261462366
-4.0815594803123165 -2.9654265430303566 2.938926261462366
-2.965426543030358 -4.081559480312316 2.938926261462366
-1.5590169943749481 -4.79816093776422 2.938926261462366
-9.267670743349216e-16 -5.045084971874737 2.938926261462366
1.5590169943749466 -4.798160937764221 2.938926261462366
2.965426543030356 -4.0815594803123165 2.938926261462366
4.081559480312316 -2.9654265430303584 2.938926261462366
4.79816093776422 -1.5590169943749483 2.938926261462366
3.938926261462366 0.0 4.045084971874737
3.746141488169891 1.2171951543816486 4.045084971874737
3.1866582851128316 2.3152427663551047 4.045084971874737
2.3152427663551047 3.1866582851128316 4.045084971874737
1.2171951543816488 3.746141488169891 4.045084971874737
2.411896719088668e-16 3.938926261462366 4.045084971874737
-1.2171951543816484 3.7461414881698913 4.045084971874737
-2.3152427663551043 3.1866582851128316 4.045084971874737
-3.186658285112831 2.315242766355105 4.045084971874737
-3.746141488169891 1.217195154381649 4.045084971874737
-3.938926261462366 4.823793438177336e-16 4.045084971874737
-3.7461414881698913 -1.2171951543816482 4.045084971874737
-3.186658285112832 -2.3152427663551043 4.045084971874737
-2.315242766355105 -3.186658285112831 4.045084971874737
-1.217195154381649 -3.746141488169891 4.045084971874737
-7.235690157266005e-16 -3.938926261462366 4.045084971874737
1.217195154381648 -3.7461414881698913 4.045084971874737
2.315242766355104 -3.186658285112832 4.045084971874737
3.186658285112831 -2.3152427663551056 4.045084971874737
3.746141488169891 -1.2171951543816493 4.045084971874737
2.5450849718747373 0.0 4.755282581475767
2.4205196470263366 0.7864745084375788 4.755282581475767
2.0590169943749475 1.4959634122991743 4.755282581475767
1.4959634122991743 2.0590169943749475 4.755282581475767
0.7864745084375789 2.4205196470263366 4.755282581475767
1.5584150821822143e-16 2.5450849718747373 4.755282581475767
-0.7864745084375787 2.4205196470263366 4.755282581475767
-1.495963412299174 2.0590169943749475 4.755282581475767
-2.0590169943749475 1.4959634122991745 4.755282581475767
-2.4205196470263366 0.7864745084375792 4.755282581475767
-2.5450849718747373 3.1168301643644285e-16 4.755282581475767
-2.4205196470263366 -0.7864745084375786 4.755282581475767
-2.059016994374948 -1.495963412299174 4.755282581475767
-1.4959634122991745 -2.0590169943749475 4.755282581475767
-0.7864745084375793 -2.4205196470263366 4.755282581475767
-4.675245246546642e-16 -2.5450849718747373 4.755282581475767
0.7864745084375784 -2.4205196470263366 4.755282581475767
1.4959634122991738 -2.059016994374948 4.755282581475767
2.0590169943749475 -1.495963412299175 4.755282581475767
2.4205196470263366 -0.7864745084375794 4.755282581475767
1.0000000000000002 0.0 5.0
0.9510565162951538 0.30901699437494745 5.0
0.8090169943749477 0.5877852522924732 5.0
0.5877852522924732 0.8090169943749477 5.0
0.3090169943749475 0.9510565162951538 5.0
6.123233995736767e-17 1.0000000000000002 5.0
-0.3090169943749474 0.9510565162951539 5.0
-0.5877852522924731 0.8090169943749477 5.0
-0.8090169943749476 0.5877852522924734 5.0
-0.9510565162951538 0.30901699437494756 5.0
-1.0000000000000002 1.2246467991473535e-16 5.0
-0.9510565162951539 -0.30901699437494734 5.0
-0.8090169943749478 -0.5877852522924731 5.0
-0.5877852522924734 -0.8090169943749476 5.0
-0.3090169943749476 -0.9510565162951538 5.0
-1.8369701987210302e-16 -1.0000000000000002 5.0
0.3090169943749473 -0.9510565162951539 5.0
0.587785252292473 -0.8090169943749478 5.0
0.8090169943749476 -0.5877852522924735 5.0
0.9510565162951538 -0.3090169943749477 5.0
-0.5450849718747368 0.0 4.755282581475768
-0.518406614436029 -0.1684405196876839 4.755282581475768
-0.4409830056250523 -0.3203929077142278 4.755282581475768
-0.3203929077142278 -0.4409830056250523 4.755282581475768
-0.16844051968768395 -0.518406614436029 4.755282581475768
-3.3376828303486076e-17 -0.5450849718747368 4.755282581475768
0.16844051968768387 -0.518406614436029 4.755282581475768
0.32039290771422774 -0.4409830056250523 4.755282581475768
0.44098300562505227 -0.32039290771422785 4.755282581475768
0.518406614436029 -0.16844051968768398 4.755282581475768
0.5450849718747368 -6.675365660697215e-17 4.755282581475768
0.518406614436029 0.16844051968768384 4.755282581475768
0.4409830056250524 0.32039290771422774 4.755282581475768
0.32039290771422785 0.44098300562505227 4.755282581475768
0.168440519687684 0.518406614436029 4.755282581475768
1.0013048491045822e-16 0.5450849718747368 4.755282581475768
-0.1684405196876838 0.518406614436029 4.755282581475768
-0.3203929077142277 0.4409830056250524 4.755282581475768
-0.44098300562505227 0.3203929077142279 4.755282581475768
-0.518406614436029 0.16844051968768403 4.755282581475768
-1.938926261462365 0.0 4.045084971874737
-1.844028455579583 -0.5991611656317535 4.045084971874737
-1.568624296362936 -1.139672261770158 4.045084971874737
-1.139672261770158 -1.568624296362936 4.045084971874737
-0.5991611656317536 -1.844028455579583 4.045084971874737
-1.1872499199413148e-16 -1.938926261462365 4.045084971874737
0.5991611656317534 -1.8440284555795832 4.045084971874737
1.1396722617701578 -1.568624296362936 4.045084971874737
1.5686242963629358 -1.1396722617701582 4.045084971874737
1.844028455579583 -0.5991611656317537 4.045084971874737
1.938926261462365 -2.3744998398826296e-16 4.045084971874737
1.8440284555795832 0.5991611656317533 4.045084971874737
1.5686242963629362 1.1396722617701578 4.045084971874737
1.1396722617701582 1.5686242963629358 4.045084971874737
0.5991611656317538 1.844028455579583 4.045084971874737
3.561749759823944e-16 1.938926261462365 4.045084971874737
-0.5991611656317531 1.8440284555795832 4.045084971874737
-1.1396722617701576 1.5686242963629362 4.045084971874737
-1.5686242963629358 1.1396722617701585 4.045084971874737
-1.844028455579583 0.5991611656317538 4.045084971874737
-3.0450849718747364 0.0 2.9389262614623664
-2.8960479051739125 -0.9409830056250522 2.9389262614623664
-2.4635254915624207 -1.7898560384454103 2.9389262614623664
-1.7898560384454103 -2.4635254915624207 2.9389262614623664
-0.9409830056250524 -2.8960479051739125 2.9389262614623664
-1.864576781969052e-16 -3.0450849718747364 2.9389262614623664
0.9409830056250521 -2.8960479051739125 2.9389262614623664
1.78985603844541 -2.4635254915624207 2.9389262614623664
2.4635254915624203 -1.7898560384454107 2.9389262614623664
2.8960479051739125 -0.9409830056250525 2.9389262614623664
3.0450849718747364 -3.729153563938104e-16 2.9389262614623664
2.8960479051739125 0.9409830056250519 2.9389262614623664
2.4635254915624207 1.78985603844541 2.9389262614623664
1.7898560384454107 2.4635254915624203 2.9389262614623664
0.9409830056250528 2.8960479051739125 2.9389262614623664
5.593730345907156e-16 3.0450849718747364 2.9389262614623664
-0.9409830056250518 2.8960479051739125 2.9389262614623664
-1.7898560384454096 2.4635254915624207 2.9389262614623664
-2.4635254915624203 1.789856038445411 2.9389262614623664
-2.8960479051739125 0.9409830056250529 2.9389262614623664
-3.7552825814757673 0.0 1.5450849718747375
-3.5714859696422145 -1.160446136356235 1.5450849718747375
-3.038087427094119 -2.207299719582264 1.5450849718747375
-2.207299719582264 -3.038087427094119 1.5450849718747375
-1.1604461363562353 -3.5714859696422145 1.5450849718747375
-2.2994473966490543e-16 -3.7552825814757673 1.5450849718747375
1.1604461363562348 -3.5714859696422145 1.5450849718747375
2.2072997195822635 -3.038087427094119 1.5450849718747375
3.0380874270941187 -2.2072997195822643 1.5450849718747375
3.5714859696422145 -1.1604461363562355 1.5450849718747375
3.7552825814757673 -4.598894793298109e-16 1.5450849718747375
3.5714859696422145 1.1604461363562346 1.5450849718747375
3.0380874270941196 2.2072997195822635 1.5450849718747375
2.2072997195822643 3.0380874270941187 1.5450849718747375
1.1604461363562357 3.5714859696422145 1.5450849718747375
6.898342189947161e-16 3.7552825814757673 1.5450849718747375
-1.1604461363562344 3.5714859696422145 1.5450849718747375
-2.207299719582263 3.0380874270941196 1.5450849718747375
-3.0380874270941187 2.2072997195822643 1.5450849718747375
-3.5714859696422145 1.160446136356236 1.5450849718747375
-4.0 0.0 6.123233995736766e-16
-3.804226065180614 -1.2360679774997896 6.123233995736766e-16
-3.23606797749979 -2.3511410091698925 6.123233995736766e-16
-2.3511410091698925 -3.23606797749979 6.123233995736766e-16
-1.2360679774997898 -3.804226065180614 6.123233995736766e-16
-2.4492935982947064e-16 -4.0 6.123233995736766e-16
1.2360679774997894 -3.8042260651806146 6.123233995736766e-16
2.351141009169892 -3.23606797749979 6.123233995736766e-16
3.2360679774997894 -2.351141009169893 6.123233995736766e-16
3.804226065180614 -1.23606797749979 6.123233995736766e-16
4.0 -4.898587196589413e-16 6.123233995736766e-16
3.8042260651806146 1.2360679774997891 6.123233995736766e-16
3.2360679774997902 2.351141009169892 6.123233995736766e-16
2.351141009169893 3.2360679774997894 6.123233995736766e-16
1.2360679774997902 3.804226065180614 6.123233995736766e-16
7.347880794884119e-16 4.0 6.123233995736766e-16
-1.236067977499789 3.8042260651806146 6.123233995736766e-16
-2.3511410091698917 3.2360679774997902 6.123233995736766e-16
-3.2360679774997894 2.3511410091698934 6.123233995736766e-16
-3.804226065180614 1.2360679774997905 6.123233995736766e-16
-3.755282581475768 0.0 -1.5450849718747364
-3.571485969642215 -1.1604461363562355 -1.5450849718747364
-3.0380874270941196 -2.2072997195822643 -1.5450849718747364
-2.2072997195822643 -3.0380874270941196 -1.5450849718747364
-1.1604461363562355 -3.571485969642215 -1.5450849718747364
-2.2994473966490548e-16 -3.755282581475768 -1.5450849718747364
1.1604461363562353 -3.5714859696422154 -1.5450849718747364
2.207299719582264 -3.0380874270941196 -1.5450849718747364
3.038087427094119 -2.207299719582265 -1.5450849718747364
3.571485969642215 -1.1604461363562357 -1.5450849718747364
3.755282581475768 -4.5988947932981095e-16 -1.5450849718747364
3.5714859696422154 1.160446136356235 -1.5450849718747364
3.03808742709412 2.207299719582264 -1.5450849718747364
2.207299719582265 3.038087427094119 -1.5450849718747364
1.160446136356236 3.571485969642215 -1.5450849718747364
6.898342189947163e-16 3.755282581475768 -1.5450849718747364
-1.1604461363562348 3.5714859696422154 -1.5450849718747364
-2.2072997195822635 3.03808742709412 -1.5450849718747364
-3.038087427094119 2.2072997195822652 -1.5450849718747364
-3.571485969642215 1.1604461363562362 -1.5450849718747364
-3.045084971874738 0.0 -2.938926261462365
-2.896047905173914 -0.9409830056250528 -2.938926261462365
-2.463525491562422 -1.7898560384454114 -2.938926261462365
-1.7898560384454114 -2.463525491562422 -2.938926261462365
-0.940983005625053 -2.896047905173914 -2.938926261462365
-1.8645767819690531e-16 -3.045084971874738 -2.938926261462365
0.9409830056250527 -2.8960479051739143 -2.938926261462365
1.7898560384454112 -2.463525491562422 -2.938926261462365
2.4635254915624216 -1.7898560384454119 -2.938926261462365
2.896047905173914 -0.9409830056250531 -2.938926261462365
3.045084971874738 -3.7291535639381063e-16 -2.938926261462365
2.8960479051739143 0.9409830056250524 -2.938926261462365
2.4635254915624225 1.7898560384454112 -2.938926261462365
1.7898560384454119 2.4635254915624216 -2.938926261462365
0.9409830056250533 2.896047905173914 -2.938926261462365
5.593730345907159e-16 3.045084971874738 -2.938926261462365
-0.9409830056250523 2.8960479051739143 -2.938926261462365
-1.7898560384454107 2.4635254915624225 -2.938926261462365
-2.4635254915624216 1.789856038445412 -2.938926261462365
-2.896047905173914 0.9409830056250534 -2.938926261462365
-1.9389262614623664 0.0 -4.045084971874736
-1.844028455579584 -0.5991611656317538 -4.045084971874736
-1.568624296362937 -1.1396722617701587 -4.045084971874736
-1.1396722617701587 -1.568624296362937 -4.045084971874736
-0.5991611656317539 -1.844028455579584 -4.045084971874736
-1.1872499199413155e-16 -1.9389262614623664 -4.045084971874736
0.5991611656317537 -1.8440284555795843 -4.045084971874736
1.1396722617701585 -1.568624296362937 -4.045084971874736
1.5686242963629369 -1.139672261770159 -4.045084971874736
1.844028455579584 -0.599161165631754 -4.045084971874736
1.9389262614623664 -2.374499839882631e-16 -4.045084971874736
1.8440284555795843 0.5991611656317536 -4.045084971874736
1.5686242963629373 1.1396722617701585 -4.045084971874736
1.139672261770159 1.5686242963629369 -4.045084971874736
0.5991611656317541 1.844028455579584 -4.045084971874736
3.5617497598239463e-16 1.9389262614623664 -4.045084971874736
-0.5991611656317535 1.8440284555795843 -4.045084971874736
-1.1396722617701582 1.5686242963629373 -4.045084971874736
-1.5686242963629369 1.1396722617701591 -4.045084971874736
-1.844028455579584 0.5991611656317543 -4.045084971874736
-0.5450849718747377 0.0 -4.755282581475767
-0.5184066144360298 -0.16844051968768417 -4.755282581475767
-0.44098300562505305 -0.32039290771422835 -4.755282581475767
-0.32039290771422835 -0.44098300562505305 -4.755282581475767
-0.1684405196876842 -0.5184066144360298 -4.755282581475767
-3.337682830348613e-17 -0.5450849718747377 -4.755282581475767
0.16844051968768414 -0.5184066144360299 -4.755282581475767
0.32039290771422824 -0.44098300562505305 -4.755282581475767
0.440983005625053 -0.3203929077142284 -4.755282581475767
0.5184066144360298 -0.16844051968768425 -4.755282581475767
0.5450849718747377 -6.675365660697226e-17 -4.755282581475767
0.5184066144360299 0.16844051968768411 -4.755282581475767
0.4409830056250531 0.32039290771422824 -4.755282581475767
0.3203929077142284 0.440983005625053 -4.755282581475767
0.16844051968768428 0.5184066144360298 -4.755282581475767
1.0013048491045838e-16 0.5450849718747377 -4.755282581475767
-0.1684405196876841 0.5184066144360299 -4.755282581475767
-0.3203929077142282 0.4409830056250531 -4.755282581475767
-0.440983005625053 0.32039290771422846 -4.755282581475767
-0.5184066144360298 0.1684405196876843 -4.755282581475767
0.9999999999999991 0.0 -5.0
0.9510565162951526 0.3090169943749471 -5.0
0.8090169943749468 0.5877852522924726 -5.0
0.5877852522924726 0.8090169943749468 -5.0
0.3090169943749472 0.9510565162951526 -5.0
6.123233995736761e-17 0.9999999999999991 -5.0
-0.30901699437494706 0.9510565162951528 -5.0
-0.5877852522924725 0.8090169943749468 -5.0
-0.8090169943749467 0.5877852522924727 -5.0
-0.9510565162951526 0.30901699437494723 -5.0
-0.9999999999999991 1.2246467991473522e-16 -5.0
-0.9510565162951528 -0.309016994374947 -5.0
-0.8090169943749469 -0.5877852522924725 -5.0
-0.5877852522924727 -0.8090169943749467 -5.0
-0.3090169943749473 -0.9510565162951526 -5.0
-1.836970198721028e-16 -0.9999999999999991 -5.0
0.30901699437494695 -0.9510565162951528 -5.0
0.5877852522924724 -0.8090169943749469 -5.0
0.8090169943749467 -0.5877852522924728 -5.0
0.9510565162951526 -0.30901699437494734 -5.0
2.5450849718747364 0.0 -4.755282581475768
2.4205196470263357 0.7864745084375786 -4.755282581475768
2.059016994374947 1.4959634122991738 -4.755282581475768
1.4959634122991738 2.059016994374947 -4.755282581475768
0.7864745084375787 2.4205196470263357 -4.755282581475768
1.5584150821822138e-16 2.5450849718747364 -4.755282581475768
-0.7864745084375784 2.4205196470263357 -4.755282581475768
-1.4959634122991736 2.059016994374947 -4.755282581475768
-2.0590169943749466 1.495963412299174 -4.755282581475768
-2.4205196470263357 0.7864745084375788 -4.755282581475768
-2.5450849718747364 3.1168301643644276e-16 -4.755282581475768
-2.4205196470263357 -0.7864745084375783 -4.755282581475768
-2.059016994374947 -1.4959634122991736 -4.755282581475768
-1.495963412299174 -2.0590169943749466 -4.755282581475768
-0.7864745084375789 -2.4205196470263357 -4.755282581475768
-4.67524524654664e-16 -2.5450849718747364 -4.755282581475768
0.7864745084375782 -2.4205196470263357 -4.755282581475768
1.4959634122991732 -2.059016994374947 -4.755282581475768
2.0590169943749466 -1.4959634122991743 -4.755282581475768
2.4205196470263357 -0.7864745084375792 -4.755282581475768
3.9389262614623646 0.0 -4.045084971874738
3.7461414881698896 1.2171951543816482 -4.045084971874738
3.1866582851128307 2.315242766355104 -4.045084971874738
2.315242766355104 3.1866582851128307 -4.045084971874738
1.2171951543816484 3.7461414881698896 -4.045084971874738
2.4118967190886678e-16 3.9389262614623646 -4.045084971874738
-1.217195154381648 3.74614148816989 -4.045084971874738
-2.3152427663551034 3.1866582851128307 -4.045084971874738
-3.1866582851128302 2.3152427663551043 -4.045084971874738
-3.7461414881698896 1.2171951543816486 -4.045084971874738
-3.9389262614623646 4.8237934381773355e-16 -4.045084971874738
-3.74614148816989 -1.2171951543816477 -4.045084971874738
-3.186658285112831 -2.3152427663551034 -4.045084971874738
-2.3152427663551043 -3.1866582851128302 -4.045084971874738
-1.2171951543816488 -3.7461414881698896 -4.045084971874738
-7.235690157266003e-16 -3.9389262614623646 -4.045084971874738
1.2171951543816475 -3.74614148816989 -4.045084971874738
2.315242766355103 -3.186658285112831 -4.045084971874738
3.1866582851128302 -2.3152427663551047 -4.045084971874738
3.7461414881698896 -1.217195154381649 -4.045084971874738
5.045084971874736 0.0 -2.938926261462367
4.798160937764219 1.559016994374947 -2.938926261462367
4.081559480312316 2.9654265430303566 -2.938926261462367
2.9654265430303566 4.081559480312316 -2.938926261462367
1.5590169943749472 4.798160937764219 -2.938926261462367
3.089223581116405e-16 5.045084971874736 -2.938926261462367
-1.5590169943749468 4.79816093776422 -2.938926261462367
-2.965426543030356 4.081559480312316 -2.938926261462367
-4.081559480312315 2.965426543030357 -2.938926261462367
-4.798160937764219 1.5590169943749477 -2.938926261462367
-5.045084971874736 6.17844716223281e-16 -2.938926261462367
-4.79816093776422 -1.5590169943749466 -2.938926261462367
-4.081559480312316 -2.965426543030356 -2.938926261462367
-2.965426543030357 -4.081559480312315 -2.938926261462367
-1.559016994374948 -4.798160937764219 -2.938926261462367
-9.267670743349214e-16 -5.045084971874736 -2.938926261462367
1.5590169943749461 -4.79816093776422 -2.938926261462367
2.9654265430303557 -4.081559480312316 -2.938926261462367
4.081559480312315 -2.965426543030358 -2.938926261462367
4.798160937764219 -1.5590169943749481 -2.938926261462367
5.755282581475767 0.0 -1.5450849718747381
5.473599002232522 1.77848012510613 -1.5450849718747381
4.656121415844014 3.38287022416721 -1.5450849718747381
3.38287022416721 4.656121415844014 -1.5450849718747381
1.7784801251061302 5.473599002232522 -1.5450849718747381
3.524094195796407e-16 5.755282581475767 -1.5450849718747381
-1.7784801251061295 5.473599002232522 -1.5450849718747381
-3.3828702241672093 4.656121415844014 -1.5450849718747381
-4.656121415844013 3.3828702241672106 -1.5450849718747381
-5.473599002232522 1.7784801251061306 -1.5450849718747381
-5.755282581475767 7.048188391592814e-16 -1.5450849718747381
-5.473599002232522 -1.7784801251061293 -1.5450849718747381
-4.656121415844015 -3.3828702241672093 -1.5450849718747381
-3.3828702241672106 -4.656121415844013 -1.5450849718747381
-1.7784801251061308 -5.473599002232522 -1.5450849718747381
-1.0572282587389222e-15 -5.755282581475767 -1.5450849718747381
1.7784801251061289 -5.473599002232522 -1.5450849718747381
3.382870224167209 -4.656121415844015 -1.5450849718747381
4.656121415844013 -3.382870224167211 -1.5450849718747381
5.473599002232522 -1.7784801251061313 -1.5450849718747381
0.0 10.0 0.0
0.0 9.510565162951535 3.090169943749474
0.0 8.090169943749475 5.877852522924732
0.0 5.877852522924732 8.090169943749475
0.0 3.0901699437494745 9.510565162951535
0.0 6.123233995736766e-16 10.0
0.0 -3.0901699437494736 9.510565162951536
0.0 -5.87785252292473 8.090169943749475
0.0 -8.090169943749473 5.877852522924733
0.0 -9.510565162951535 3.090169943749475
0.0 -10.0 1.2246467991473533e-15
0.0 -9.510565162951536 -3.0901699437494727
0.0 -8.090169943749476 -5.87785252292473
0.0 -5.877852522924733 -8.090169943749473
0.0 -3.0901699437494754 -9.510565162951535
0.0 -1.8369701987210296e-15 -10.0
0.0 3.0901699437494723 -9.510565162951536
0.0 5.877852522924729 -8.090169943749476
0.0 8.090169943749473 -5.877852522924734
0.0 9.510565162951535 -3.0901699437494763
2.7811529493745266 9.559508646656381 0.0
2.7811529493745266 9.091632990982415 2.954050629691076
2.7811529493745266 7.733804953019267 5.6189382016669995
2.7811529493745266 5.6189382016669995 7.733804953019267
2.7811529493745266 2.9540506296910762 9.091632990982415
2.7811529493745266 5.853510832774591e-16 9.559508646656381
2.7811529493745266 -2.9540506296910753 9.091632990982417
2.7811529493745266 -5.618938201666999 7.733804953019267
2.7811529493745266 -7.733804953019266 5.618938201667
2.7811529493745266 -9.091632990982415 2.954050629691077
2.7811529493745266 -9.559508646656381 1.1707021665549183e-15
2.7811529493745266 -9.091632990982417 -2.954050629691075
2.7811529493745266 -7.733804953019268 -5.618938201666999
2.7811529493745266 -5.618938201667 -7.733804953019266
2.7811529493745266 -2.9540506296910776 -9.091632990982415
2.7811529493745266 -1.7560532498323773e-15 -9.559508646656381
2.7811529493745266 2.9540506296910745 -9.091632990982417
2.7811529493745266 5.618938201666997 -7.733804953019268
2.7811529493745266 7.733804953019266 -5.618938201667001
2.7811529493745266 9.091632990982415 -2.954050629691078
5.2900672706322585 8.281152949374526 0.0
5.2900672706322585 7.8758444749394725 2.559016994374947
5.2900672706322585 6.6995934690622105 4.867539575620664
5.2900672706322585 4.867539575620664 6.6995934690622105
5.2900672706322585 2.5590169943749475 7.8758444749394725
5.2900672706322585 5.070743726350589e-16 8.281152949374526
5.2900672706322585 -2.5590169943749466 7.875844474939473
5.2900672706322585 -4.867539575620663 6.6995934690622105
5.2900672706322585 -6.69959346906221 4.867539575620665
5.2900672706322585 -7.8758444749394725 2.559016994374948
5.2900672706322585 -8.281152949374526 1.0141487452701178e-15
5.2900672706322585 -7.875844474939473 -2.559016994374946
5.2900672706322585 -6.699593469062211 -4.867539575620663
5.2900672706322585 -4.867539575620665 -6.69959346906221
5.2900672706322585 -2.5590169943749483 -7.8758444749394725
5.2900672706322585 -1.5212231179051764e-15 -8.281152949374526
5.2900672706322585 2.5590169943749457 -7.875844474939473
5.2900672706322585 4.867539575620662 -6.699593469062211
5.2900672706322585 6.69959346906221 -4.867539575620666
5.2900672706322585 7.8758444749394725 -2.559016994374949
7.281152949374527 6.2900672706322585 0.0
7.281152949374527 5.982209465669681 1.9437376823870094
7.281152949374527 5.088771317703139 3.69720877760521
7.281152949374527 3.69720877760521 5.088771317703139
7.281152949374527 1.9437376823870096 5.982209465669681
7.281152949374527 3.851555374700662e-16 6.2900672706322585
7.281152949374527 -1.943737682387009 5.982209465669681
7.281152949374527 -3.6972087776052094 5.088771317703139
7.281152949374527 -5.088771317703138 3.6972087776052107
7.281152949374527 -5.982209465669681 1.94373768238701
7.281152949374527 -6.2900672706322585 7.703110749401324e-16
7.281152949374527 -5.982209465669681 -1.9437376823870087
7.281152949374527 -5.08877131770314 -3.6972087776052094
7.281152949374527 -3.6972087776052107 -5.088771317703138
7.281152949374527 -1.9437376823870103 -5.982209465669681
7.281152949374527 -1.1554666124101985e-15 -6.2900672706322585
7.281152949374527 1.9437376823870083 -5.982209465669681
7.281152949374527 3.6972087776052085 -5.08877131770314
7.281152949374527 5.088771317703138 -3.697208777605211
7.281152949374527 5.982209465669681 -1.9437376823870107
8.559508646656381 3.781152949374527 0.0
8.559508646656381 3.596090151611283 1.168440519687684
8.559508646656381 3.059016994374948 2.222505940304535
8.559508646656381 2.222505940304535 3.059016994374948
8.559508646656381 1.1684405196876841 3.596090151611283
8.559508646656381 2.3152884282690445e-16 3.781152949374527
8.559508646656381 -1.1684405196876837 3.5960901516112833
8.559508646656381 -2.222505940304535 3.059016994374948
8.559508646656381 -3.0590169943749475 2.2225059403045355
8.559508646656381 -3.596090151611283 1.1684405196876844
8.559508646656381 -3.781152949374527 4.630576856538089e-16
8.559508646656381 -3.5960901516112833 -1.1684405196876835
8.559508646656381 -3.0590169943749483 -2.222505940304535
8.559508646656381 -2.2225059403045355 -3.0590169943749475
8.559508646656381 -1.1684405196876846 -3.596090151611283
8.559508646656381 -6.945865284807132e-16 -3.781152949374527
8.559508646656381 1.1684405196876833 -3.5960901516112833
8.559508646656381 2.2225059403045346 -3.0590169943749483
8.559508646656381 3.0590169943749475 -2.222505940304536
8.559508646656381 3.596090151611283 -1.1684405196876848
9.0 1.0000000000000004 0.0
9.0 0.951056516295154 0.3090169943749475
9.0 0.8090169943749478 0.5877852522924734
9.0 0.5877852522924734 0.8090169943749478
9.0 0.30901699437494756 0.951056516295154
9.0 6.123233995736769e-17 1.0000000000000004
9.0 -0.30901699437494745 0.9510565162951541
9.0 -0.5877852522924732 0.8090169943749478
9.0 -0.8090169943749477 0.5877852522924735
9.0 -0.951056516295154 0.3090169943749476
9.0 -1.0000000000000004 1.2246467991473537e-16
9.0 -0.9510565162951541 -0.3090169943749474
9.0 -0.8090169943749479 -0.5877852522924732
9.0 -0.5877852522924735 -0.8090169943749477
9.0 -0.3090169943749477 -0.951056516295154
9.0 -1.8369701987210304e-16 -1.0000000000000004
9.0 0.30901699437494734 -0.9510565162951541
9.0 0.5877852522924731 -0.8090169943749479
9.0 0.8090169943749477 -0.5877852522924736
9.0 0.951056516295154 -0.30901699437494773
8.559508646656383 -1.7811529493745262 0.0
8.559508646656383 -1.693977119020975 -0.5504065309377889
8.559508646656383 -1.440983005625052 -1.0469354357195886
8.559508646656383 -1.0469354357195886 -1.440983005625052
8.559508646656383 -0.550406530937789 -1.693977119020975
8.559508646656383 -1.0906416291216906e-16 -1.7811529493745262
8.559508646656383 0.5504065309377888 -1.693977119020975
8.559508646656383 1.0469354357195884 -1.440983005625052
8.559508646656383 1.4409830056250519 -1.0469354357195888
8.559508646656383 1.693977119020975 -0.5504065309377891
8.559508646656383 1.7811529493745262 -2.1812832582433811e-16
8.559508646656383 1.693977119020975 0.5504065309377887
8.559508646656383 1.4409830056250523 1.0469354357195884
8.559508646656383 1.0469354357195888 1.4409830056250519
8.559508646656383 0.5504065309377892 1.693977119020975
8.559508646656383 3.2719248873650717e-16 1.7811529493745262
8.559508646656383 -0.5504065309377886 1.693977119020975
8.559508646656383 -1.0469354357195881 1.4409830056250523
8.559508646656383 -1.4409830056250519 1.0469354357195888
8.559508646656383 -1.693977119020975 0.5504065309377894
7.281152949374527 -4.290067270632258 0.0
7.281152949374527 -4.0800964330793725 -1.3257036936371143
7.281152949374527 -3.4707373289532435 -2.521638273020263
7.281152949374527 -2.521638273020263 -3.4707373289532435
7.281152949374527 -1.3257036936371145 -4.0800964330793725
7.281152949374527 -2.626908575553308e-16 -4.290067270632258
7.281152949374527 1.325703693637114 -4.080096433079373
7.281152949374527 2.5216382730202627 -3.4707373289532435
7.281152949374527 3.4707373289532426 -2.5216382730202636
7.281152949374527 4.0800964330793725 -1.3257036936371147
7.281152949374527 4.290067270632258 -5.253817151106616e-16
7.281152949374527 4.080096433079373 1.3257036936371138
7.281152949374527 3.470737328953244 2.5216382730202627
7.281152949374527 2.5216382730202636 3.4707373289532426
7.281152949374527 1.325703693637115 4.0800964330793725
7.281152949374527 7.880725726659923e-16 4.290067270632258
7.281152949374527 -1.3257036936371136 4.080096433079373
7.281152949374527 -2.521638273020262 3.470737328953244
7.281152949374527 -3.4707373289532426 2.521638273020264
7.281152949374527 -4.0800964330793725 1.3257036936371152
5.290067270632259 -6.281152949374526 0.0
5.290067270632259 -5.973731442349166 -1.940983005625052
5.290067270632259 -5.081559480312316 -3.6919690710357176
5.290067270632259 -3.6919690710357176 -5.081559480312316
5.290067270632259 -1.9409830056250525 -5.973731442349166
5.290067270632259 -3.8460969272032353e-16 -6.281152949374526
5.290067270632259 1.9409830056250519 -5.973731442349166
5.290067270632259 3.6919690710357167 -5.081559480312316
5.290067270632259 5.081559480312315 -3.6919690710357185
5.290067270632259 5.973731442349166 -1.940983005625053
5.290067270632259 6.281152949374526 -7.692193854406471e-16
5.290067270632259 5.973731442349166 1.9409830056250514
5.290067270632259 5.0815594803123165 3.6919690710357167
5.290067270632259 3.6919690710357185 5.081559480312315
5.290067270632259 1.9409830056250532 5.973731442349166
5.290067270632259 1.1538290781609706e-15 6.281152949374526
5.290067270632259 -1.9409830056250512 5.973731442349166
5.290067270632259 -3.6919690710357163 5.0815594803123165
5.290067270632259 -5.081559480312315 3.691969071035719
5.290067270632259 -5.973731442349166 1.9409830056250537
2.7811529493745275 -7.559508646656381 0.0
2.7811529493745275 -7.189519958392109 -2.336016640941181
2.7811529493745275 -6.115770964269372 -4.443367697082053
2.7811529493745275 -4.443367697082053 -6.115770964269372
2.7811529493745275 -2.3360166409411813 -7.189519958392109
2.7811529493745275 -4.628864033627238e-16 -7.559508646656381
2.7811529493745275 2.336016640941181 -7.1895199583921094
2.7811529493745275 4.443367697082052 -6.115770964269372
2.7811529493745275 6.115770964269371 -4.443367697082054
2.7811529493745275 7.189519958392109 -2.3360166409411818
2.7811529493745275 7.559508646656381 -9.257728067254476e-16
2.7811529493745275 7.1895199583921094 2.3360166409411804
2.7811529493745275 6.115770964269373 4.443367697082052
2.7811529493745275 4.443367697082054 6.115770964269371
2.7811529493745275 2.336016640941182 7.189519958392109
2.7811529493745275 1.3886592100881715e-15 7.559508646656381
2.7811529493745275 -2.33601664094118 7.1895199583921094
2.7811529493745275 -4.443367697082051 6.115770964269373
2.7811529493745275 -6.115770964269371 4.443367697082055
2.7811529493745275 -7.189519958392109 2.3360166409411827
1.102182119232618e-15 -8.0 0.0
1.102182119232618e-15 -7.608452130361228 -2.472135954999579
1.102182119232618e-15 -6.47213595499958 -4.702282018339785
1.102182119232618e-15 -4.702282018339785 -6.47213595499958
1.102182119232618e-15 -2.4721359549995796 -7.608452130361228
1.102182119232618e-15 -4.898587196589413e-16 -8.0
1.102182119232618e-15 2.4721359549995787 -7.608452130361229
1.102182119232618e-15 4.702282018339784 -6.47213595499958
1.102182119232618e-15 6.472135954999579 -4.702282018339786
1.102182119232618e-15 7.608452130361228 -2.47213595499958
1.102182119232618e-15 8.0 -9.797174393178826e-16
1.102182119232618e-15 7.608452130361229 2.4721359549995783
1.102182119232618e-15 6.4721359549995805 4.702282018339784
1.102182119232618e-15 4.702282018339786 6.472135954999579
1.102182119232618e-15 2.4721359549995805 7.608452130361228
1.102182119232618e-15 1.4695761589768238e-15 8.0
1.102182119232618e-15 -2.472135954999578 7.608452130361229
1.102182119232618e-15 -4.702282018339783 6.4721359549995805
1.102182119232618e-15 -6.472135954999579 4.702282018339787
1.102182119232618e-15 -7.608452130361228 2.472135954999581
-2.7811529493745257 -7.559508646656383 0.0
-2.7811529493745257 -7.18951995839211 -2.3360166409411818
-2.7811529493745257 -6.115770964269373 -4.443367697082054
-2.7811529493745257 -4.443367697082054 -6.115770964269373
-2.7811529493745257 -2.336016640941182 -7.18951995839211
-2.7811529493745257 -4.62886403362724e-16 -7.559508646656383
-2.7811529493745257 2.3360166409411813 -7.189519958392111
-2.7811529493745257 4.443367697082054 -6.115770964269373
-2.7811529493745257 6.115770964269372 -4.443367697082055
-2.7811529493745257 7.18951995839211 -2.3360166409411827
-2.7811529493745257 7.559508646656383 -9.25772806725448e-16
-2.7811529493745257 7.189519958392111 2.336016640941181
-2.7811529493745257 6.115770964269374 4.443367697082054
-2.7811529493745257 4.443367697082055 6.115770964269372
-2.7811529493745257 2.336016640941183 7.18951995839211
-2.7811529493745257 1.3886592100881717e-15 7.559508646656383
-2.7811529493745257 -2.3360166409411804 7.189519958392111
-2.7811529493745257 -4.443367697082053 6.115770964269374
-2.7811529493745257 -6.115770964269372 4.4433676970820555
-2.7811529493745257 -7.18951995839211 2.336016640941183
-5.290067270632258 -6.281152949374528 0.0
-5.290067270632258 -5.973731442349167 -1.9409830056250528
-5.290067270632258 -5.081559480312317 -3.6919690710357185
-5.290067270632258 -3.6919690710357185 -5.081559480312317
-5.290067270632258 -1.940983005625053 -5.973731442349167
-5.290067270632258 -3.8460969272032363e-16 -6.281152949374528
-5.290067270632258 1.9409830056250523 -5.973731442349168
-5.290067270632258 3.691969071035718 -5.081559480312317
-5.290067270632258 5.0815594803123165 -3.6919690710357194
-5.290067270632258 5.973731442349167 -1.9409830056250534
-5.290067270632258 6.281152949374528 -7.692193854406473e-16
-5.290067270632258 5.973731442349168 1.940983005625052
-5.290067270632258 5.081559480312317 3.691969071035718
-5.290067270632258 3.6919690710357194 5.0815594803123165
-5.290067270632258 1.9409830056250539 5.973731442349167
-5.290067270632258 1.1538290781609708e-15 6.281152949374528
-5.290067270632258 -1.9409830056250517 5.973731442349168
-5.290067270632258 -3.691969071035717 5.081559480312317
-5.290067270632258 -5.0815594803123165 3.6919690710357203
-5.290067270632258 -5.973731442349167 1.940983005625054
-7.281152949374526 -4.290067270632259 0.0
-7.281152949374526 -4.080096433079374 -1.3257036936371147
-7.281152949374526 -3.470737328953245 -2.521638273020264
-7.281152949374526 -2.521638273020264 -3.470737328953245
-7.281152949374526 -1.3257036936371152 -4.080096433079374
-7.281152949374526 -2.6269085755533093e-16 -4.290067270632259
-7.281152949374526 1.3257036936371145 -4.080096433079374
-7.281152949374526 2.5216382730202636 -3.470737328953245
-7.281152949374526 3.4707373289532444 -2.521638273020265
-7.281152949374526 4.080096433079374 -1.3257036936371154
-7.281152949374526 4.290067270632259 -5.253817151106619e-16
-7.281152949374526 4.080096433079374 1.3257036936371143
-7.281152949374526 3.4707373289532453 2.5216382730202636
-7.281152949374526 2.521638273020265 3.4707373289532444
-7.281152949374526 1.3257036936371156 4.080096433079374
-7.281152949374526 7.880725726659927e-16 4.290067270632259
-7.281152949374526 -1.325703693637114 4.080096433079374
-7.281152949374526 -2.521638273020263 3.4707373289532453
-7.281152949374526 -3.4707373289532444 2.5216382730202653
-7.281152949374526 -4.080096433079374 1.3257036936371158
-8.559508646656381 -1.781152949374528 0.0
-8.559508646656381 -1.6939771190209765 -0.5504065309377895
-8.559508646656381 -1.4409830056250534 -1.0469354357195895
-8.559508646656381 -1.0469354357195895 -1.4409830056250534
-8.559508646656381 -0.5504065309377896 -1.6939771190209765
-8.559508646656381 -1.0906416291216917e-16 -1.781152949374528
-8.559508646656381 0.5504065309377894 -1.6939771190209767
-8.559508646656381 1.0469354357195892 -1.4409830056250534
-8.559508646656381 1.4409830056250534 -1.0469354357195897
-8.559508646656381 1.6939771190209765 -0.5504065309377897
-8.559508646656381 1.781152949374528 -2.1812832582433833e-16
-8.559508646656381 1.6939771190209767 0.5504065309377892
-8.559508646656381 1.4409830056250537 1.0469354357195892
-8.559508646656381 1.0469354357195897 1.4409830056250534
-8.559508646656381 0.5504065309377898 1.6939771190209765
-8.559508646656381 3.2719248873650746e-16 1.781152949374528
-8.559508646656381 -0.5504065309377891 1.6939771190209767
-8.559508646656381 -1.0469354357195892 1.4409830056250537
-8.559508646656381 -1.4409830056250534 1.04693543571959
-8.559508646656381 -1.6939771190209765 0.5504065309377899
-9.0 0.9999999999999983 0.0
-9.0 0.951056516295152 0.3090169943749469
-9.0 0.8090169943749461 0.5877852522924721
-9.0 0.5877852522924721 0.8090169943749461
-9.0 0.30901699437494695 0.951056516295152
-9.0 6.123233995736756e-17 0.9999999999999983
-9.0 -0.30901699437494684 0.9510565162951521
-9.0 -0.587785252292472 0.8090169943749461
-9.0 -0.809016994374946 0.5877852522924722
-9.0 -0.951056516295152 0.309016994374947
-9.0 -0.9999999999999983 1.2246467991473512e-16
-9.0 -0.9510565162951521 -0.3090169943749468
-9.0 -0.8090169943749462 -0.587785252292472
-9.0 -0.5877852522924722 -0.809016994374946
-9.0 -0.30901699437494706 -0.951056516295152
-9.0 -1.8369701987210267e-16 -0.9999999999999983
-9.0 0.30901699437494673 -0.9510565162951521
-9.0 0.5877852522924719 -0.8090169943749462
-9.0 0.809016994374946 -0.5877852522924724
-9.0 0.951056516295152 -0.3090169943749471
-8.559508646656383 3.7811529493745253 0.0
-8.559508646656383 3.596090151611281 1.1684405196876835
-8.559508646656383 3.059016994374946 2.222505940304534
-8.559508646656383 2.222505940304534 3.059016994374946
-8.559508646656383 1.1684405196876837 3.596090151611281
-8.559508646656383 2.315288428269043e-16 3.7811529493745253
-8.559508646656383 -1.1684405196876833 3.5960901516112815
-8.559508646656383 -2.2225059403045337 3.059016994374946
-8.559508646656383 -3.0590169943749457 2.2225059403045346
-8.559508646656383 -3.596090151611281 1.168440519687684
-8.559508646656383 -3.7811529493745253 4.630576856538086e-16
-8.559508646656383 -3.5960901516112815 -1.168440519687683
-8.559508646656383 -3.0590169943749466 -2.2225059403045337
-8.559508646656383 -2.2225059403045346 -3.0590169943749457
-8.559508646656383 -1.1684405196876841 -3.596090151611281
-8.559508646656383 -6.945865284807129e-16 -3.7811529493745253
-8.559508646656383 1.1684405196876828 -3.5960901516112815
-8.559508646656383 2.2225059403045333 -3.0590169943749466
-8.559508646656383 3.0590169943749457 -2.222505940304535
-8.559508646656383 3.596090151611281 -1.1684405196876844
-7.281152949374528 6.290067270632257 0.0
-7.281152949374528 5.982209465669679 1.9437376823870087
-7.281152949374528 5.088771317703137 3.697208777605209
-7.281152949374528 3.697208777605209 5.088771317703137
-7.281152949374528 1.9437376823870092 5.982209465669679
-7.281152949374528 3.851555374700661e-16 6.290067270632257
-7.281152949374528 -1.9437376823870085 5.98220946566968
-7.281152949374528 -3.697208777605208 5.088771317703137
-7.281152949374528 -5.088771317703137 3.6972087776052094
-7.281152949374528 -5.982209465669679 1.9437376823870094
-7.281152949374528 -6.290067270632257 7.703110749401322e-16
-7.281152949374528 -5.98220946566968 -1.943737682387008
-7.281152949374528 -5.088771317703138 -3.697208777605208
-7.281152949374528 -3.6972087776052094 -5.088771317703137
-7.281152949374528 -1.9437376823870098 -5.982209465669679
-7.281152949374528 -1.155466612410198e-15 -6.290067270632257
-7.281152949374528 1.9437376823870078 -5.98220946566968
-7.281152949374528 3.6972087776052076 -5.088771317703138
-7.281152949374528 5.088771317703137 -3.6972087776052103
-7.281152949374528 5.982209465669679 -1.9437376823870103
-5.29006727063226 8.281152949374526 0.0
-5.29006727063226 7.8758444749394725 2.559016994374947
-5.29006727063226 6.6995934690622105 4.867539575620664
-5.29006727063226 4.867539575620664 6.6995934690622105
-5.29006727063226 2.5590169943749475 7.8758444749394725
-5.29006727063226 5.070743726350589e-16 8.281152949374526
-5.29006727063226 -2.5590169943749466 7.875844474939473
-5.29006727063226 -4.867539575620663 6.6995934690622105
-5.29006727063226 -6.69959346906221 4.867539575620665
-5.29006727063226 -7.8758444749394725 2.559016994374948
-5.29006727063226 -8.281152949374526 1.0141487452701178e-15
-5.29006727063226 -7.875844474939473 -2.559016994374946
-5.29006727063226 -6.699593469062211 -4.867539575620663
-5.29006727063226 -4.867539575620665 -6.69959346906221
-5.29006727063226 -2.5590169943749483 -7.8758444749394725
-5.29006727063226 -1.5212231179051764e-15 -8.281152949374526
-5.29006727063226 2.5590169943749457 -7.875844474939473
-5.29006727063226 4.867539575620662 -6.699593469062211
-5.29006727063226 6.69959346906221 -4.867539575620666
-5.29006727063226 7.8758444749394725 -2.559016994374949
-2.7811529493745284 9.559508646656381 0.0
-2.7811529493745284 9.091632990982415 2.954050629691076
-2.7811529493745284 7.733804953019267 5.6189382016669995
-2.7811529493745284 5.6189382016669995 7.733804953019267
-2.7811529493745284 2.9540506296910762 9.091632990982415
-2.7811529493745284 5.853510832774591e-16 9.559508646656381
-2.7811529493745284 -2.9540506296910753 9.091632990982417
-2.7811529493745284 -5.618938201666999 7.733804953019267
-2.7811529493745284 -7.733804953019266 5.618938201667
-2.7811529493745284 -9.091632990982415 2.954050629691077
-2.7811529493745284 -9.559508646656381 1.1707021665549183e-15
-2.7811529493745284 -9.091632990982417 -2.954050629691075
-2.7811529493745284 -7.733804953019268 -5.618938201666999
-2.7811529493745284 -5.618938201667 -7.733804953019266
-2.7811529493745284 -2.9540506296910776 -9.091632990982415
-2.7811529493745284 -1.7560532498323773e-15 -9.559508646656381
-2.7811529493745284 2.9540506296910745 -9.091632990982417
-2.7811529493745284 5.618938201666997 -7.733804953019268
-2.7811529493745284 7.733804953019266 -5.618938201667001
-2.7811529493745284 9.091632990982415 -2.954050629691078
