5.1 0.0 0.0
4.850388233105282 1.5759866713122317 0.0
4.125986671312232 2.997704786691613 0.0
2.997704786691613 4.125986671312232 0.0
1.575986671312232 4.850388233105282 0.0
3.1228493378257504e-16 5.1 0.0
-1.5759866713122312 4.850388233105283 0.0
-2.9977047866916124 4.125986671312232 0.0
-4.125986671312231 2.9977047866916133 0.0
-4.850388233105282 1.5759866713122321 0.0
-5.1 6.245698675651501e-16 0.0
-4.850388233105283 -1.575986671312231 0.0
-4.125986671312233 -2.9977047866916124 0.0
-2.9977047866916133 -4.125986671312231 0.0
-1.5759866713122324 -4.850388233105282 0.0
-9.36854801347725e-16 -5.1 0.0
1.5759866713122308 -4.850388233105283 0.0
2.9977047866916116 -4.125986671312233 0.0
4.125986671312231 -2.9977047866916138 0.0
4.850388233105282 -1.5759866713122328 0.0
4.855282581475767 0.0 1.545084971874737
4.617648137566883 1.5003648301686772 1.545084971874737
3.928006120906561 2.853863497103984 1.545084971874737
2.853863497103984 3.928006120906561 1.545084971874737
1.5003648301686774 4.617648137566883 1.545084971874737
2.9730031361800983e-16 4.855282581475767 1.545084971874737
-1.500364830168677 4.617648137566883 1.545084971874737
-2.8538634971039833 3.928006120906561 1.545084971874737
-3.92800612090656 2.8538634971039847 1.545084971874737
-4.617648137566883 1.5003648301686776 1.545084971874737
-4.855282581475767 5.946006272360197e-16 1.545084971874737
-4.617648137566883 -1.5003648301686767 1.545084971874737
-3.9280061209065615 -2.8538634971039833 1.545084971874737
-2.8538634971039847 -3.92800612090656 1.545084971874737
-1.500364830168678 -4.617648137566883 1.545084971874737
-8.919009408540293e-16 -4.855282581475767 1.545084971874737
1.5003648301686763 -4.617648137566883 1.545084971874737
2.853863497103983 -3.9280061209065615 1.545084971874737
3.92800612090656 -2.853863497103985 1.545084971874737
4.617648137566883 -1.5003648301686783 1.545084971874737
4.145084971874737 0.0 2.938926261462366
3.9422100730985816 1.2809016994374947 2.938926261462366
3.353444185374863 2.436419815967131 2.938926261462366
2.436419815967131 3.353444185374863 2.938926261462366
1.2809016994374949 3.9422100730985816 2.938926261462366
2.5381325215000966e-16 4.145084971874737 2.938926261462366
-1.2809016994374944 3.942210073098582 2.938926261462366
-2.4364198159671306 3.353444185374863 2.938926261462366
-3.3534441853748627 2.4364198159671315 2.938926261462366
-3.9422100730985816 1.280901699437495 2.938926261462366
-4.145084971874737 5.076265043000193e-16 2.938926261462366
-3.942210073098582 -1.280901699437494 2.938926261462366
-3.3534441853748636 -2.4364198159671306 2.938926261462366
-2.4364198159671315 -3.3534441853748627 2.938926261462366
-1.2809016994374953 -3.9422100730985816 2.938926261462366
-7.614397564500289e-16 -4.145084971874737 2.938926261462366
1.2809016994374938 -3.942210073098582 2.938926261462366
2.43641981596713 -3.3534441853748636 2.938926261462366
3.3534441853748627 -2.436419815967132 2.938926261462366
3.9422100730985816 -1.2809016994374955 2.938926261462366
3.038926261462366 0.0 4.045084971874737
2.8901906235042527 0.9390798594441959 4.045084971874737
2.458542990175379 1.786236039291879 4.045084971874737
1.786236039291879 2.458542990175379 4.045084971874737
0.939079859444196 2.8901906235042527 4.045084971874737
1.8608056594723595e-16 3.038926261462366 4.045084971874737
-0.9390798594441957 2.890190623504253 4.045084971874737
-1.7862360392918786 2.458542990175379 4.045084971874737
-2.4585429901753786 1.7862360392918792 4.045084971874737
-2.8901906235042527 0.9390798594441963 4.045084971874737
-3.038926261462366 3.721611318944719e-16 4.045084971874737
-2.890190623504253 -0.9390798594441956 4.045084971874737
-2.4585429901753795 -1.7862360392918786 4.045084971874737
-1.7862360392918792 -2.4585429901753786 4.045084971874737
-0.9390798594441964 -2.8901906235042527 4.045084971874737
-5.582416978417078e-16 -3.038926261462366 4.045084971874737
0.9390798594441954 -2.890190623504253 4.045084971874737
1.7862360392918784 -2.4585429901753795 4.045084971874737
2.4585429901753786 -1.7862360392918797 4.045084971874737
2.8901906235042527 -0.9390798594441966 4.045084971874737
1.6450849718747373 0.0 4.755282581475767
1.5645687823606984 0.5083592135001263 4.755282581475767
1.330901699437495 0.9669566852359486 4.755282581475767
0.9669566852359486 1.330901699437495 4.755282581475767
0.5083592135001263 1.5645687823606984 4.755282581475767
1.0073240225659053e-16 1.6450849718747373 4.755282581475767
-0.5083592135001261 1.5645687823606984 4.755282581475767
-0.9669566852359484 1.330901699437495 4.755282581475767
-1.3309016994374947 0.9669566852359488 4.755282581475767
-1.5645687823606984 0.5083592135001264 4.755282581475767
-1.6450849718747373 2.0146480451318106e-16 4.755282581475767
-1.5645687823606984 -0.508359213500126 4.755282581475767
-1.3309016994374951 -0.9669566852359484 4.755282581475767
-0.9669566852359488 -1.3309016994374947 4.755282581475767
-0.5083592135001265 -1.5645687823606984 4.755282581475767
-3.021972067697716e-16 -1.6450849718747373 4.755282581475767
0.5083592135001259 -1.5645687823606984 4.755282581475767
0.9669566852359482 -1.3309016994374951 4.755282581475767
1.3309016994374947 -0.9669566852359489 4.755282581475767
1.5645687823606984 -0.5083592135001266 4.755282581475767
0.10000000000000031 0.0 5.0
9.510565162951565e-2 3.0901699437494837e-2 5.0
8.090169943749499e-2 5.8778525229247494e-2 5.0
5.8778525229247494e-2 8.090169943749499e-2 5.0
3.090169943749484e-2 9.510565162951565e-2 5.0
6.123233995736785e-18 0.10000000000000031 5.0
-3.090169943749483e-2 9.510565162951566e-2 5.0
-5.877852522924749e-2 8.090169943749499e-2 5.0
-8.090169943749499e-2 5.877852522924751e-2 5.0
-9.510565162951565e-2 3.0901699437494847e-2 5.0
-0.10000000000000031 1.224646799147357e-17 5.0
-9.510565162951566e-2 -3.0901699437494823e-2 5.0
-8.0901699437495e-2 -5.877852522924749e-2 5.0
-5.877852522924751e-2 -8.090169943749499e-2 5.0
-3.090169943749485e-2 -9.510565162951565e-2 5.0
-1.8369701987210353e-17 -0.10000000000000031 5.0
3.090169943749482e-2 -9.510565162951566e-2 5.0
5.877852522924747e-2 -8.0901699437495e-2 5.0
8.090169943749499e-2 -5.877852522924752e-2 5.0
9.510565162951565e-2 -3.0901699437494858e-2 5.0
-1.4450849718747367 0.0 4.755282581475768
-1.374357479101667 -0.44655581462513655 4.755282581475768
-1.169098300562505 -0.8493996347774536 4.755282581475768
-0.8493996347774536 -1.169098300562505 4.755282581475768
-0.4465558146251366 -1.374357479101667 4.755282581475768
-8.848593426511697e-17 -1.4450849718747367 4.755282581475768
0.44655581462513644 -1.3743574791016673 4.755282581475768
0.8493996347774534 -1.169098300562505 4.755282581475768
1.1690983005625049 -0.8493996347774537 4.755282581475768
1.374357479101667 -0.4465558146251367 4.755282581475768
1.4450849718747367 -1.7697186853023393e-16 4.755282581475768
1.3743574791016673 0.4465558146251364 4.755282581475768
1.169098300562505 0.8493996347774534 4.755282581475768
0.8493996347774537 1.1690983005625049 4.755282581475768
0.44655581462513677 1.374357479101667 4.755282581475768
2.654578027953509e-16 1.4450849718747367 4.755282581475768
-0.44655581462513627 1.3743574791016673 4.755282581475768
-0.8493996347774533 1.169098300562505 4.755282581475768
-1.1690983005625049 0.8493996347774538 4.755282581475768
-1.374357479101667 0.4465558146251369 4.755282581475768
-2.838926261462365 0.0 4.045084971874737
-2.699979320245221 -0.877276460569206 4.045084971874737
-2.2967395913003887 -1.6686789888333837 4.045084971874737
-1.6686789888333837 -2.2967395913003887 4.045084971874737
-0.8772764605692063 -2.699979320245221 4.045084971874737
-1.7383409795576235e-16 -2.838926261462365 4.045084971874737
0.8772764605692059 -2.6999793202452214 4.045084971874737
1.6686789888333835 -2.2967395913003887 4.045084971874737
2.2967395913003883 -1.668678988833384 4.045084971874737
2.699979320245221 -0.8772764605692064 4.045084971874737
2.838926261462365 -3.476681959115247e-16 4.045084971874737
2.6999793202452214 0.8772764605692057 4.045084971874737
2.296739591300389 1.6686789888333835 4.045084971874737
1.668678988833384 2.2967395913003883 4.045084971874737
0.8772764605692065 2.699979320245221 4.045084971874737
5.21502293867287e-16 2.838926261462365 4.045084971874737
-0.8772764605692056 2.6999793202452214 4.045084971874737
-1.668678988833383 2.296739591300389 4.045084971874737
-2.2967395913003883 1.6686789888333844 4.045084971874737
-2.699979320245221 0.8772764605692067 4.045084971874737
-3.9450849718747363 0.0 2.9389262614623664
-3.7519987698395503 -1.219098300562505 2.9389262614623664
-3.1916407864998733 -2.3188627655086362 2.9389262614623664
-2.3188627655086362 -3.1916407864998733 2.9389262614623664
-1.2190983005625051 -3.7519987698395503 2.9389262614623664
-2.415667841585361e-16 -3.9450849718747363 2.9389262614623664
1.2190983005625047 -3.7519987698395507 2.9389262614623664
2.318862765508636 -3.1916407864998733 2.9389262614623664
3.191640786499873 -2.3188627655086367 2.9389262614623664
3.7519987698395503 -1.2190983005625053 2.9389262614623664
3.9450849718747363 -4.831335683170722e-16 2.9389262614623664
3.7519987698395507 1.2190983005625045 2.9389262614623664
3.1916407864998737 2.318862765508636 2.9389262614623664
2.3188627655086367 3.191640786499873 2.9389262614623664
1.2190983005625056 3.7519987698395503 2.9389262614623664
7.247003524756082e-16 3.9450849718747363 2.9389262614623664
-1.2190983005625042 3.7519987698395507 2.9389262614623664
-2.3188627655086353 3.1916407864998737 2.9389262614623664
-3.191640786499873 2.318862765508637 2.9389262614623664
-3.7519987698395503 1.2190983005625058 2.9389262614623664
-4.655282581475768 0.0 1.5450849718747375
-4.427436834307853 -1.4385614312936879 1.5450849718747375
-3.766202722031572 -2.73630644664549 1.5450849718747375
-2.73630644664549 -3.766202722031572 1.5450849718747375
-1.438561431293688 -4.427436834307853 1.5450849718747375
-2.850538456265363e-16 -4.655282581475768 1.5450849718747375
1.4385614312936876 -4.427436834307853 1.5450849718747375
2.7363064466454894 -3.766202722031572 1.5450849718747375
3.7662027220315717 -2.7363064466454903 1.5450849718747375
4.427436834307853 -1.4385614312936885 1.5450849718747375
4.655282581475768 -5.701076912530726e-16 1.5450849718747375
4.427436834307853 1.4385614312936874 1.5450849718747375
3.7662027220315726 2.7363064466454894 1.5450849718747375
2.7363064466454903 3.7662027220315717 1.5450849718747375
1.4385614312936887 4.427436834307853 1.5450849718747375
8.551615368796089e-16 4.655282581475768 1.5450849718747375
-1.4385614312936872 4.427436834307853 1.5450849718747375
-2.7363064466454885 3.7662027220315726 1.5450849718747375
-3.7662027220315717 2.7363064466454907 1.5450849718747375
-4.427436834307853 1.438561431293689 1.5450849718747375
-4.9 0.0 6.123233995736766e-16
-4.660176929846252 -1.5141832724372424 6.123233995736766e-16
-3.9641832724372428 -2.8801477362331185 6.123233995736766e-16
-2.8801477362331185 -3.9641832724372428 6.123233995736766e-16
-1.5141832724372426 -4.660176929846252 6.123233995736766e-16
-3.0003846579110154e-16 -4.9 6.123233995736766e-16
1.5141832724372422 -4.660176929846253 6.123233995736766e-16
2.880147736233118 -3.9641832724372428 6.123233995736766e-16
3.9641832724372423 -2.880147736233119 6.123233995736766e-16
4.660176929846252 -1.5141832724372428 6.123233995736766e-16
4.9 -6.000769315822031e-16 6.123233995736766e-16
4.660176929846253 1.5141832724372417 6.123233995736766e-16
3.964183272437243 2.880147736233118 6.123233995736766e-16
2.880147736233119 3.9641832724372423 6.123233995736766e-16
1.5141832724372433 4.660176929846252 6.123233995736766e-16
9.001153973733046e-16 4.9 6.123233995736766e-16
-1.5141832724372415 4.660176929846253 6.123233995736766e-16
-2.8801477362331176 3.964183272437243 6.123233995736766e-16
-3.9641832724372423 2.88014773623312 6.123233995736766e-16
-4.660176929846252 1.5141832724372435 6.123233995736766e-16
-4.655282581475769 0.0 -1.5450849718747364
-4.427436834307854 -1.438561431293688 -1.5450849718747364
-3.7662027220315726 -2.7363064466454903 -1.5450849718747364
-2.7363064466454903 -3.7662027220315726 -1.5450849718747364
-1.4385614312936885 -4.427436834307854 -1.5450849718747364
-2.8505384562653637e-16 -4.655282581475769 -1.5450849718747364
1.4385614312936879 -4.427436834307854 -1.5450849718747364
2.73630644664549 -3.7662027220315726 -1.5450849718747364
3.766202722031572 -2.7363064466454907 -1.5450849718747364
4.427436834307854 -1.4385614312936887 -1.5450849718747364
4.655282581475769 -5.701076912530727e-16 -1.5450849718747364
4.427436834307854 1.4385614312936876 -1.5450849718747364
3.766202722031573 2.73630644664549 -1.5450849718747364
2.7363064466454907 3.766202722031572 -1.5450849718747364
1.438561431293689 4.427436834307854 -1.5450849718747364
8.551615368796091e-16 4.655282581475769 -1.5450849718747364
-1.4385614312936874 4.427436834307854 -1.5450849718747364
-2.7363064466454894 3.766202722031573 -1.5450849718747364
-3.766202722031572 2.736306446645491 -1.5450849718747364
-4.427436834307854 1.4385614312936892 -1.5450849718747364
-3.945084971874738 0.0 -2.938926261462365
-3.751998769839552 -1.2190983005625053 -2.938926261462365
-3.1916407864998746 -2.318862765508637 -2.938926261462365
-2.318862765508637 -3.1916407864998746 -2.938926261462365
-1.2190983005625056 -3.751998769839552 -2.938926261462365
-2.415667841585362e-16 -3.945084971874738 -2.938926261462365
1.2190983005625051 -3.7519987698395525 -2.938926261462365
2.3188627655086367 -3.1916407864998746 -2.938926261462365
3.191640786499874 -2.3188627655086376 -2.938926261462365
3.751998769839552 -1.2190983005625058 -2.938926261462365
3.945084971874738 -4.831335683170724e-16 -2.938926261462365
3.7519987698395525 1.219098300562505 -2.938926261462365
3.191640786499875 2.3188627655086367 -2.938926261462365
2.3188627655086376 3.191640786499874 -2.938926261462365
1.219098300562506 3.751998769839552 -2.938926261462365
7.247003524756086e-16 3.945084971874738 -2.938926261462365
-1.2190983005625047 3.7519987698395525 -2.938926261462365
-2.3188627655086362 3.191640786499875 -2.938926261462365
-3.191640786499874 2.318862765508638 -2.938926261462365
-3.751998769839552 1.2190983005625062 -2.938926261462365
-2.8389262614623663 0.0 -4.045084971874736
-2.6999793202452222 -0.8772764605692065 -4.045084971874736
-2.2967395913003896 -1.6686789888333846 -4.045084971874736
-1.6686789888333846 -2.2967395913003896 -4.045084971874736
-0.8772764605692066 -2.6999793202452222 -4.045084971874736
-1.7383409795576245e-16 -2.8389262614623663 -4.045084971874736
0.8772764605692063 -2.6999793202452227 -4.045084971874736
1.6686789888333842 -2.2967395913003896 -4.045084971874736
2.2967395913003896 -1.6686789888333848 -4.045084971874736
2.6999793202452222 -0.8772764605692068 -4.045084971874736
2.8389262614623663 -3.476681959115249e-16 -4.045084971874736
2.6999793202452227 0.8772764605692062 -4.045084971874736
2.29673959130039 1.6686789888333842 -4.045084971874736
1.6686789888333848 2.2967395913003896 -4.045084971874736
0.8772764605692069 2.6999793202452222 -4.045084971874736
5.215022938672873e-16 2.8389262614623663 -4.045084971874736
-0.877276460569206 2.6999793202452227 -4.045084971874736
-1.668678988833384 2.29673959130039 -4.045084971874736
-2.2967395913003896 1.668678988833385 -4.045084971874736
-2.6999793202452222 0.877276460569207 -4.045084971874736
-1.4450849718747376 0.0 -4.755282581475767
-1.374357479101668 -0.4465558146251368 -4.755282581475767
-1.1690983005625057 -0.8493996347774541 -4.755282581475767
-0.8493996347774541 -1.1690983005625057 -4.755282581475767
-0.4465558146251369 -1.374357479101668 -4.755282581475767
-8.848593426511701e-17 -1.4450849718747376 -4.755282581475767
0.4465558146251367 -1.374357479101668 -4.755282581475767
0.849399634777454 -1.1690983005625057 -4.755282581475767
1.1690983005625055 -0.8493996347774543 -4.755282581475767
1.374357479101668 -0.446555814625137 -4.755282581475767
1.4450849718747376 -1.7697186853023403e-16 -4.755282581475767
1.374357479101668 0.44655581462513666 -4.755282581475767
1.169098300562506 0.849399634777454 -4.755282581475767
0.8493996347774543 1.1690983005625055 -4.755282581475767
0.44655581462513705 1.374357479101668 -4.755282581475767
2.6545780279535103e-16 1.4450849718747376 -4.755282581475767
-0.44655581462513655 1.374357479101668 -4.755282581475767
-0.8493996347774537 1.169098300562506 -4.755282581475767
-1.1690983005625055 0.8493996347774544 -4.755282581475767
-1.374357479101668 0.4465558146251371 -4.755282581475767
9.999999999999909e-2 0.0 -5.0
9.510565162951448e-2 3.090169943749446e-2 -5.0
8.0901699437494e-2 5.877852522924678e-2 -5.0
5.877852522924678e-2 8.0901699437494e-2 -5.0
3.0901699437494465e-2 9.510565162951448e-2 -5.0
6.12323399573671e-18 9.999999999999909e-2 -5.0
-3.090169943749445e-2 9.51056516295145e-2 -5.0
-5.8778525229246766e-2 8.0901699437494e-2 -5.0
-8.090169943749399e-2 5.8778525229246786e-2 -5.0
-9.510565162951448e-2 3.090169943749447e-2 -5.0
-9.999999999999909e-2 1.224646799147342e-17 -5.0
-9.51056516295145e-2 -3.0901699437494448e-2 -5.0
-8.090169943749402e-2 -5.8778525229246766e-2 -5.0
-5.8778525229246786e-2 -8.090169943749399e-2 -5.0
-3.0901699437494476e-2 -9.510565162951448e-2 -5.0
-1.836970198721013e-17 -9.999999999999909e-2 -5.0
3.090169943749444e-2 -9.51056516295145e-2 -5.0
5.877852522924676e-2 -8.090169943749402e-2 -5.0
8.090169943749399e-2 -5.87785252292468e-2 -5.0
9.510565162951448e-2 -3.090169943749448e-2 -5.0
1.6450849718747362 0.0 -4.755282581475768
1.5645687823606973 0.5083592135001259 -4.755282581475768
1.330901699437494 0.9669566852359479 -4.755282581475768
0.9669566852359479 1.330901699437494 -4.755282581475768
0.5083592135001259 1.5645687823606973 -4.755282581475768
1.0073240225659047e-16 1.6450849718747362 -4.755282581475768
-0.5083592135001258 1.5645687823606975 -4.755282581475768
-0.9669566852359477 1.330901699437494 -4.755282581475768
-1.3309016994374938 0.9669566852359481 -4.755282581475768
-1.5645687823606973 0.508359213500126 -4.755282581475768
-1.6450849718747362 2.0146480451318094e-16 -4.755282581475768
-1.5645687823606975 -0.5083592135001257 -4.755282581475768
-1.3309016994374943 -0.9669566852359477 -4.755282581475768
-0.9669566852359481 -1.3309016994374938 -4.755282581475768
-0.5083592135001261 -1.5645687823606973 -4.755282581475768
-3.021972067697714e-16 -1.6450849718747362 -4.755282581475768
0.5083592135001256 -1.5645687823606975 -4.755282581475768
0.9669566852359476 -1.3309016994374943 -4.755282581475768
1.3309016994374938 -0.9669566852359482 -4.755282581475768
1.5645687823606973 -0.5083592135001263 -4.755282581475768
3.0389262614623647 0.0 -4.045084971874738
2.8901906235042514 0.9390798594441955 -4.045084971874738
2.458542990175378 1.7862360392918781 -4.045084971874738
1.7862360392918781 2.458542990175378 -4.045084971874738
0.9390798594441956 2.8901906235042514 -4.045084971874738
1.8608056594723588e-16 3.0389262614623647 -4.045084971874738
-0.9390798594441953 2.890190623504252 -4.045084971874738
-1.786236039291878 2.458542990175378 -4.045084971874738
-2.4585429901753777 1.7862360392918786 -4.045084971874738
-2.8901906235042514 0.9390798594441958 -4.045084971874738
-3.0389262614623647 3.7216113189447176e-16 -4.045084971874738
-2.890190623504252 -0.9390798594441951 -4.045084971874738
-2.458542990175378 -1.786236039291878 -4.045084971874738
-1.7862360392918786 -2.4585429901753777 -4.045084971874738
-0.9390798594441959 -2.8901906235042514 -4.045084971874738
-5.582416978417076e-16 -3.0389262614623647 -4.045084971874738
0.9390798594441949 -2.890190623504252 -4.045084971874738
1.7862360392918775 -2.458542990175378 -4.045084971874738
2.4585429901753777 -1.7862360392918788 -4.045084971874738
2.8901906235042514 -0.9390798594441961 -4.045084971874738
4.145084971874736 0.0 -2.938926261462367
3.9422100730985807 1.2809016994374942 -2.938926261462367
3.3534441853748627 2.4364198159671306 -2.938926261462367
2.4364198159671306 3.3534441853748627 -2.938926261462367
1.2809016994374944 3.9422100730985807 -2.938926261462367
2.538132521500096e-16 4.145084971874736 -2.938926261462367
-1.280901699437494 3.942210073098581 -2.938926261462367
-2.43641981596713 3.3534441853748627 -2.938926261462367
-3.353444185374862 2.436419815967131 -2.938926261462367
-3.9422100730985807 1.2809016994374947 -2.938926261462367
-4.145084971874736 5.076265043000192e-16 -2.938926261462367
-3.942210073098581 -1.2809016994374938 -2.938926261462367
-3.353444185374863 -2.43641981596713 -2.938926261462367
-2.436419815967131 -3.353444185374862 -2.938926261462367
-1.2809016994374949 -3.9422100730985807 -2.938926261462367
-7.614397564500287e-16 -4.145084971874736 -2.938926261462367
1.2809016994374935 -3.942210073098581 -2.938926261462367
2.4364198159671298 -3.353444185374863 -2.938926261462367
3.353444185374862 -2.4364198159671315 -2.938926261462367
3.9422100730985807 -1.280901699437495 -2.938926261462367
4.855282581475767 0.0 -1.5450849718747381
4.617648137566883 1.5003648301686772 -1.5450849718747381
3.928006120906561 2.853863497103984 -1.5450849718747381
2.853863497103984 3.928006120906561 -1.5450849718747381
1.5003648301686774 4.617648137566883 -1.5450849718747381
2.9730031361800983e-16 4.855282581475767 -1.5450849718747381
-1.500364830168677 4.617648137566883 -1.5450849718747381
-2.8538634971039833 3.928006120906561 -1.5450849718747381
-3.92800612090656 2.8538634971039847 -1.5450849718747381
-4.617648137566883 1.5003648301686776 -1.5450849718747381
-4.855282581475767 5.946006272360197e-16 -1.5450849718747381
-4.617648137566883 -1.5003648301686767 -1.5450849718747381
-3.9280061209065615 -2.8538634971039833 -1.5450849718747381
-2.8538634971039847 -3.92800612090656 -1.5450849718747381
-1.500364830168678 -4.617648137566883 -1.5450849718747381
-8.919009408540293e-16 -4.855282581475767 -1.5450849718747381
1.5003648301686763 -4.617648137566883 -1.5450849718747381
2.853863497103983 -3.9280061209065615 -1.5450849718747381
3.92800612090656 -2.853863497103985 -1.5450849718747381
4.617648137566883 -1.5003648301686783 -1.5450849718747381
0.0 15.1 0.0
0.0 14.850388233105281 1.5759866713122317
0.0 14.125986671312232 2.997704786691613
0.0 12.997704786691614 4.125986671312232
0.0 11.575986671312233 4.850388233105282
0.0 10.0 5.1
0.0 8.424013328687769 4.850388233105283
0.0 7.002295213308388 4.125986671312232
0.0 5.874013328687769 2.9977047866916133
0.0 5.149611766894718 1.5759866713122321
0.0 4.9 6.245698675651501e-16
0.0 5.149611766894717 -1.575986671312231
0.0 5.874013328687767 -2.9977047866916124
0.0 7.002295213308386 -4.125986671312231
0.0 8.424013328687767 -4.850388233105282
0.0 9.999999999999998 -5.1
0.0 11.575986671312231 -4.850388233105283
0.0 12.997704786691612 -4.125986671312233
0.0 14.12598667131223 -2.9977047866916138
0.0 14.850388233105281 -1.5759866713122328
1.545084971874737 14.855282581475766 0.0
1.545084971874737 14.617648137566883 1.5003648301686772
1.545084971874737 13.928006120906561 2.853863497103984
1.545084971874737 12.853863497103983 3.928006120906561
1.545084971874737 11.500364830168678 4.617648137566883
1.545084971874737 10.0 4.855282581475767
1.545084971874737 8.499635169831324 4.617648137566883
1.545084971874737 7.146136502896017 3.928006120906561
1.545084971874737 6.07199387909344 2.8538634971039847
1.545084971874737 5.382351862433117 1.5003648301686776
1.545084971874737 5.144717418524233 5.946006272360197e-16
1.545084971874737 5.382351862433117 -1.5003648301686767
1.545084971874737 6.071993879093439 -2.8538634971039833
1.545084971874737 7.146136502896015 -3.92800612090656
1.545084971874737 8.499635169831322 -4.617648137566883
1.545084971874737 9.999999999999998 -4.855282581475767
1.545084971874737 11.500364830168676 -4.617648137566883
1.545084971874737 12.853863497103983 -3.9280061209065615
1.545084971874737 13.92800612090656 -2.853863497103985
1.545084971874737 14.617648137566883 -1.5003648301686783
2.938926261462366 14.145084971874738 0.0
2.938926261462366 13.942210073098583 1.2809016994374947
2.938926261462366 13.353444185374864 2.436419815967131
2.938926261462366 12.436419815967131 3.353444185374863
2.938926261462366 11.280901699437495 3.9422100730985816
2.938926261462366 10.0 4.145084971874737
2.938926261462366 8.719098300562505 3.942210073098582
2.938926261462366 7.563580184032869 3.353444185374863
2.938926261462366 6.646555814625137 2.4364198159671315
2.938926261462366 6.057789926901418 1.280901699437495
2.938926261462366 5.854915028125263 5.076265043000193e-16
2.938926261462366 6.0577899269014175 -1.280901699437494
2.938926261462366 6.6465558146251364 -2.4364198159671306
2.938926261462366 7.563580184032869 -3.3534441853748627
2.938926261462366 8.719098300562505 -3.9422100730985816
2.938926261462366 10.0 -4.145084971874737
2.938926261462366 11.280901699437493 -3.942210073098582
2.938926261462366 12.436419815967131 -3.3534441853748636
2.938926261462366 13.353444185374862 -2.436419815967132
2.938926261462366 13.942210073098583 -1.2809016994374955
4.045084971874737 13.038926261462366 0.0
4.045084971874737 12.890190623504253 0.9390798594441959
4.045084971874737 12.45854299017538 1.786236039291879
4.045084971874737 11.786236039291879 2.458542990175379
4.045084971874737 10.939079859444195 2.8901906235042527
4.045084971874737 10.0 3.038926261462366
4.045084971874737 9.060920140555805 2.890190623504253
4.045084971874737 8.213763960708121 2.458542990175379
4.045084971874737 7.541457009824621 1.7862360392918792
4.045084971874737 7.109809376495747 0.9390798594441963
4.045084971874737 6.961073738537634 3.721611318944719e-16
4.045084971874737 7.109809376495747 -0.9390798594441956
4.045084971874737 7.5414570098246205 -1.7862360392918786
4.045084971874737 8.213763960708121 -2.4585429901753786
4.045084971874737 9.060920140555803 -2.8901906235042527
4.045084971874737 10.0 -3.038926261462366
4.045084971874737 10.939079859444195 -2.890190623504253
4.045084971874737 11.786236039291879 -2.4585429901753795
4.045084971874737 12.458542990175378 -1.7862360392918797
4.045084971874737 12.890190623504253 -0.9390798594441966
4.755282581475767 11.645084971874738 0.0
4.755282581475767 11.564568782360698 0.5083592135001263
4.755282581475767 11.330901699437495 0.9669566852359486
4.755282581475767 10.96695668523595 1.330901699437495
4.755282581475767 10.508359213500126 1.5645687823606984
4.755282581475767 10.0 1.6450849718747373
4.755282581475767 9.491640786499874 1.5645687823606984
4.755282581475767 9.033043314764052 1.330901699437495
4.755282581475767 8.669098300562505 0.9669566852359488
4.755282581475767 8.435431217639302 0.5083592135001264
4.755282581475767 8.354915028125262 2.0146480451318106e-16
4.755282581475767 8.435431217639302 -0.508359213500126
4.755282581475767 8.669098300562505 -0.9669566852359484
4.755282581475767 9.03304331476405 -1.3309016994374947
4.755282581475767 9.491640786499874 -1.5645687823606984
4.755282581475767 10.0 -1.6450849718747373
4.755282581475767 10.508359213500126 -1.5645687823606984
4.755282581475767 10.966956685235948 -1.3309016994374951
4.755282581475767 11.330901699437495 -0.9669566852359489
4.755282581475767 11.564568782360698 -0.5083592135001266
5.0 10.1 0.0
5.0 10.095105651629515 3.0901699437494837e-2
5.0 10.080901699437495 5.8778525229247494e-2
5.0 10.058778525229247 8.090169943749499e-2
5.0 10.030901699437495 9.510565162951565e-2
5.0 10.0 0.10000000000000031
5.0 9.969098300562505 9.510565162951566e-2
5.0 9.941221474770753 8.090169943749499e-2
5.0 9.919098300562505 5.877852522924751e-2
5.0 9.904894348370485 3.0901699437494847e-2
5.0 9.9 1.224646799147357e-17
5.0 9.904894348370485 -3.0901699437494823e-2
5.0 9.919098300562505 -5.877852522924749e-2
5.0 9.941221474770753 -8.090169943749499e-2
5.0 9.969098300562505 -9.510565162951565e-2
5.0 10.0 -0.10000000000000031
5.0 10.030901699437495 -9.510565162951566e-2
5.0 10.058778525229247 -8.0901699437495e-2
5.0 10.080901699437495 -5.877852522924752e-2
5.0 10.095105651629515 -3.0901699437494858e-2
4.755282581475768 8.554915028125263 0.0
4.755282581475768 8.625642520898333 -0.44655581462513655
4.755282581475768 8.830901699437495 -0.8493996347774536
4.755282581475768 9.150600365222546 -1.169098300562505
4.755282581475768 9.553444185374863 -1.374357479101667
4.755282581475768 10.0 -1.4450849718747367
4.755282581475768 10.446555814625137 -1.3743574791016673
4.755282581475768 10.849399634777454 -1.169098300562505
4.755282581475768 11.169098300562505 -0.8493996347774537
4.755282581475768 11.374357479101667 -0.4465558146251367
4.755282581475768 11.445084971874737 -1.7697186853023393e-16
4.755282581475768 11.374357479101667 0.4465558146251364
4.755282581475768 11.169098300562505 0.8493996347774534
4.755282581475768 10.849399634777454 1.1690983005625049
4.755282581475768 10.446555814625137 1.374357479101667
4.755282581475768 10.0 1.4450849718747367
4.755282581475768 9.553444185374865 1.3743574791016673
4.755282581475768 9.150600365222546 1.169098300562505
4.755282581475768 8.830901699437495 0.8493996347774538
4.755282581475768 8.625642520898333 0.4465558146251369
4.045084971874737 7.161073738537635 0.0
4.045084971874737 7.300020679754779 -0.877276460569206
4.045084971874737 7.703260408699611 -1.6686789888333837
4.045084971874737 8.331321011166617 -2.2967395913003887
4.045084971874737 9.122723539430794 -2.699979320245221
4.045084971874737 10.0 -2.838926261462365
4.045084971874737 10.877276460569206 -2.6999793202452214
4.045084971874737 11.668678988833383 -2.2967395913003887
4.045084971874737 12.296739591300389 -1.668678988833384
4.045084971874737 12.699979320245221 -0.8772764605692064
4.045084971874737 12.838926261462365 -3.476681959115247e-16
4.045084971874737 12.699979320245221 0.8772764605692057
4.045084971874737 12.296739591300389 1.6686789888333835
4.045084971874737 11.668678988833385 2.2967395913003883
4.045084971874737 10.877276460569206 2.699979320245221
4.045084971874737 10.0 2.838926261462365
4.045084971874737 9.122723539430794 2.6999793202452214
4.045084971874737 8.331321011166617 2.296739591300389
4.045084971874737 7.703260408699611 1.6686789888333844
4.045084971874737 7.300020679754779 0.8772764605692067
2.9389262614623664 6.054915028125263 0.0
2.9389262614623664 6.248001230160449 -1.219098300562505
2.9389262614623664 6.808359213500127 -2.3188627655086362
2.9389262614623664 7.681137234491364 -3.1916407864998733
2.9389262614623664 8.780901699437495 -3.7519987698395503
2.9389262614623664 10.0 -3.9450849718747363
2.9389262614623664 11.219098300562505 -3.7519987698395507
2.9389262614623664 12.318862765508635 -3.1916407864998733
2.9389262614623664 13.191640786499873 -2.3188627655086367
2.9389262614623664 13.75199876983955 -1.2190983005625053
2.9389262614623664 13.945084971874737 -4.831335683170722e-16
2.9389262614623664 13.75199876983955 1.2190983005625045
2.9389262614623664 13.191640786499875 2.318862765508636
2.9389262614623664 12.318862765508637 3.191640786499873
2.9389262614623664 11.219098300562505 3.7519987698395503
2.9389262614623664 10.0 3.9450849718747363
2.9389262614623664 8.780901699437496 3.7519987698395507
2.9389262614623664 7.681137234491365 3.1916407864998737
2.9389262614623664 6.808359213500127 2.318862765508637
2.9389262614623664 6.248001230160449 1.2190983005625058
1.5450849718747375 5.344717418524232 0.0
1.5450849718747375 5.572563165692147 -1.4385614312936879
1.5450849718747375 6.233797277968428 -2.73630644664549
1.5450849718747375 7.263693553354511 -3.766202722031572
1.5450849718747375 8.561438568706311 -4.427436834307853
1.5450849718747375 10.0 -4.655282581475768
1.5450849718747375 11.438561431293687 -4.427436834307853
1.5450849718747375 12.73630644664549 -3.766202722031572
1.5450849718747375 13.766202722031572 -2.7363064466454903
1.5450849718747375 14.427436834307853 -1.4385614312936885
1.5450849718747375 14.655282581475767 -5.701076912530726e-16
1.5450849718747375 14.427436834307853 1.4385614312936874
1.5450849718747375 13.766202722031572 2.7363064466454894
1.5450849718747375 12.73630644664549 3.7662027220315717
1.5450849718747375 11.438561431293689 4.427436834307853
1.5450849718747375 10.0 4.655282581475768
1.5450849718747375 8.561438568706313 4.427436834307853
1.5450849718747375 7.2636935533545115 3.7662027220315726
1.5450849718747375 6.233797277968428 2.7363064466454907
1.5450849718747375 5.572563165692147 1.438561431293689
6.123233995736766e-16 5.1 0.0
6.123233995736766e-16 5.339823070153748 -1.5141832724372424
6.123233995736766e-16 6.035816727562757 -2.8801477362331185
6.123233995736766e-16 7.119852263766882 -3.9641832724372428
6.123233995736766e-16 8.485816727562757 -4.660176929846252
6.123233995736766e-16 10.0 -4.9
6.123233995736766e-16 11.514183272437242 -4.660176929846253
6.123233995736766e-16 12.880147736233118 -3.9641832724372428
6.123233995736766e-16 13.964183272437243 -2.880147736233119
6.123233995736766e-16 14.660176929846251 -1.5141832724372428
6.123233995736766e-16 14.9 -6.000769315822031e-16
6.123233995736766e-16 14.660176929846253 1.5141832724372417
6.123233995736766e-16 13.964183272437243 2.880147736233118
6.123233995736766e-16 12.88014773623312 3.9641832724372423
6.123233995736766e-16 11.514183272437243 4.660176929846252
6.123233995736766e-16 10.000000000000002 4.9
6.123233995736766e-16 8.485816727562758 4.660176929846253
6.123233995736766e-16 7.119852263766882 3.964183272437243
6.123233995736766e-16 6.035816727562757 2.88014773623312
6.123233995736766e-16 5.339823070153748 1.5141832724372435
-1.5450849718747364 5.344717418524231 0.0
-1.5450849718747364 5.572563165692146 -1.438561431293688
-1.5450849718747364 6.233797277968428 -2.7363064466454903
-1.5450849718747364 7.26369355335451 -3.7662027220315726
-1.5450849718747364 8.561438568706311 -4.427436834307854
-1.5450849718747364 10.0 -4.655282581475769
-1.5450849718747364 11.438561431293689 -4.427436834307854
-1.5450849718747364 12.73630644664549 -3.7662027220315726
-1.5450849718747364 13.766202722031572 -2.7363064466454907
-1.5450849718747364 14.427436834307855 -1.4385614312936887
-1.5450849718747364 14.655282581475769 -5.701076912530727e-16
-1.5450849718747364 14.427436834307855 1.4385614312936876
-1.5450849718747364 13.766202722031572 2.73630644664549
-1.5450849718747364 12.736306446645491 3.766202722031572
-1.5450849718747364 11.438561431293689 4.427436834307854
-1.5450849718747364 10.0 4.655282581475769
-1.5450849718747364 8.561438568706313 4.427436834307854
-1.5450849718747364 7.263693553354511 3.766202722031573
-1.5450849718747364 6.233797277968428 2.736306446645491
-1.5450849718747364 5.572563165692146 1.4385614312936892
-2.938926261462365 6.0549150281252615 0.0
-2.938926261462365 6.2480012301604475 -1.2190983005625053
-2.938926261462365 6.808359213500125 -2.318862765508637
-2.938926261462365 7.681137234491363 -3.1916407864998746
-2.938926261462365 8.780901699437495 -3.751998769839552
-2.938926261462365 10.0 -3.945084971874738
-2.938926261462365 11.219098300562505 -3.7519987698395525
-2.938926261462365 12.318862765508637 -3.1916407864998746
-2.938926261462365 13.191640786499875 -2.3188627655086376
-2.938926261462365 13.751998769839552 -1.2190983005625058
-2.938926261462365 13.945084971874738 -4.831335683170724e-16
-2.938926261462365 13.751998769839552 1.219098300562505
-2.938926261462365 13.191640786499875 2.3188627655086367
-2.938926261462365 12.318862765508637 3.191640786499874
-2.938926261462365 11.219098300562505 3.751998769839552
-2.938926261462365 10.0 3.945084971874738
-2.938926261462365 8.780901699437495 3.7519987698395525
-2.938926261462365 7.681137234491364 3.191640786499875
-2.938926261462365 6.808359213500125 2.318862765508638
-2.938926261462365 6.2480012301604475 1.2190983005625062
-4.045084971874736 7.161073738537634 0.0
-4.045084971874736 7.300020679754778 -0.8772764605692065
-4.045084971874736 7.70326040869961 -1.6686789888333846
-4.045084971874736 8.331321011166615 -2.2967395913003896
-4.045084971874736 9.122723539430794 -2.6999793202452222
-4.045084971874736 10.0 -2.8389262614623663
-4.045084971874736 10.877276460569206 -2.6999793202452227
-4.045084971874736 11.668678988833385 -2.2967395913003896
-4.045084971874736 12.29673959130039 -1.6686789888333848
-4.045084971874736 12.699979320245223 -0.8772764605692068
-4.045084971874736 12.838926261462365 -3.476681959115249e-16
-4.045084971874736 12.699979320245223 0.8772764605692062
-4.045084971874736 12.29673959130039 1.6686789888333842
-4.045084971874736 11.668678988833385 2.2967395913003896
-4.045084971874736 10.877276460569206 2.6999793202452222
-4.045084971874736 10.0 2.8389262614623663
-4.045084971874736 9.122723539430794 2.6999793202452227
-4.045084971874736 8.331321011166615 2.29673959130039
-4.045084971874736 7.70326040869961 1.668678988833385
-4.045084971874736 7.300020679754778 0.877276460569207
-4.755282581475767 8.554915028125262 0.0
-4.755282581475767 8.625642520898332 -0.4465558146251368
-4.755282581475767 8.830901699437494 -0.8493996347774541
-4.755282581475767 9.150600365222546 -1.1690983005625057
-4.755282581475767 9.553444185374863 -1.374357479101668
-4.755282581475767 10.0 -1.4450849718747376
-4.755282581475767 10.446555814625137 -1.374357479101668
-4.755282581475767 10.849399634777454 -1.1690983005625057
-4.755282581475767 11.169098300562506 -0.8493996347774543
-4.755282581475767 11.374357479101668 -0.446555814625137
-4.755282581475767 11.445084971874738 -1.7697186853023403e-16
-4.755282581475767 11.374357479101668 0.44655581462513666
-4.755282581475767 11.169098300562506 0.849399634777454
-4.755282581475767 10.849399634777454 1.1690983005625055
-4.755282581475767 10.446555814625137 1.374357479101668
-4.755282581475767 10.0 1.4450849718747376
-4.755282581475767 9.553444185374863 1.374357479101668
-4.755282581475767 9.150600365222546 1.169098300562506
-4.755282581475767 8.830901699437494 0.8493996347774544
-4.755282581475767 8.625642520898332 0.4465558146251371
-5.0 10.1 0.0
-5.0 10.095105651629515 3.090169943749446e-2
-5.0 10.080901699437494 5.877852522924678e-2
-5.0 10.058778525229247 8.0901699437494e-2
-5.0 10.030901699437495 9.510565162951448e-2
-5.0 10.0 9.999999999999909e-2
-5.0 9.969098300562505 9.51056516295145e-2
-5.0 9.941221474770753 8.0901699437494e-2
-5.0 9.919098300562506 5.8778525229246786e-2
-5.0 9.904894348370485 3.090169943749447e-2
-5.0 9.9 1.224646799147342e-17
-5.0 9.904894348370485 -3.0901699437494448e-2
-5.0 9.919098300562506 -5.8778525229246766e-2
-5.0 9.941221474770753 -8.090169943749399e-2
-5.0 9.969098300562505 -9.510565162951448e-2
-5.0 10.0 -9.999999999999909e-2
-5.0 10.030901699437495 -9.51056516295145e-2
-5.0 10.058778525229247 -8.090169943749402e-2
-5.0 10.080901699437494 -5.87785252292468e-2
-5.0 10.095105651629515 -3.090169943749448e-2
-4.755282581475768 11.645084971874736 0.0
-4.755282581475768 11.564568782360697 0.5083592135001259
-4.755282581475768 11.330901699437494 0.9669566852359479
-4.755282581475768 10.966956685235948 1.330901699437494
-4.755282581475768 10.508359213500126 1.5645687823606973
-4.755282581475768 10.0 1.6450849718747362
-4.755282581475768 9.491640786499874 1.5645687823606975
-4.755282581475768 9.033043314764052 1.330901699437494
-4.755282581475768 8.669098300562506 0.9669566852359481
-4.755282581475768 8.435431217639303 0.508359213500126
-4.755282581475768 8.354915028125264 2.0146480451318094e-16
-4.755282581475768 8.435431217639302 -0.5083592135001257
-4.755282581475768 8.669098300562506 -0.9669566852359477
-4.755282581475768 9.033043314764052 -1.3309016994374938
-4.755282581475768 9.491640786499874 -1.5645687823606973
-4.755282581475768 10.0 -1.6450849718747362
-4.755282581475768 10.508359213500125 -1.5645687823606975
-4.755282581475768 10.966956685235948 -1.3309016994374943
-4.755282581475768 11.330901699437494 -0.9669566852359482
-4.755282581475768 11.564568782360697 -0.5083592135001263
-4.045084971874738 13.038926261462365 0.0
-4.045084971874738 12.890190623504251 0.9390798594441955
-4.045084971874738 12.458542990175378 1.7862360392918781
-4.045084971874738 11.786236039291879 2.458542990175378
-4.045084971874738 10.939079859444195 2.8901906235042514
-4.045084971874738 10.0 3.0389262614623647
-4.045084971874738 9.060920140555805 2.890190623504252
-4.045084971874738 8.213763960708121 2.458542990175378
-4.045084971874738 7.541457009824622 1.7862360392918786
-4.045084971874738 7.109809376495749 0.9390798594441958
-4.045084971874738 6.961073738537635 3.7216113189447176e-16
-4.045084971874738 7.109809376495749 -0.9390798594441951
-4.045084971874738 7.541457009824622 -1.786236039291878
-4.045084971874738 8.213763960708121 -2.4585429901753777
-4.045084971874738 9.060920140555805 -2.8901906235042514
-4.045084971874738 10.0 -3.0389262614623647
-4.045084971874738 10.939079859444195 -2.890190623504252
-4.045084971874738 11.786236039291877 -2.458542990175378
-4.045084971874738 12.458542990175378 -1.7862360392918788
-4.045084971874738 12.890190623504251 -0.9390798594441961
-2.938926261462367 14.145084971874736 0.0
-2.938926261462367 13.94221007309858 1.2809016994374942
-2.938926261462367 13.353444185374862 2.4364198159671306
-2.938926261462367 12.436419815967131 3.3534441853748627
-2.938926261462367 11.280901699437495 3.9422100730985807
-2.938926261462367 10.0 4.145084971874736
-2.938926261462367 8.719098300562505 3.942210073098581
-2.938926261462367 7.56358018403287 3.3534441853748627
-2.938926261462367 6.646555814625138 2.436419815967131
-2.938926261462367 6.057789926901419 1.2809016994374947
-2.938926261462367 5.854915028125264 5.076265043000192e-16
-2.938926261462367 6.057789926901419 -1.2809016994374938
-2.938926261462367 6.6465558146251364 -2.43641981596713
-2.938926261462367 7.563580184032869 -3.353444185374862
-2.938926261462367 8.719098300562505 -3.9422100730985807
-2.938926261462367 10.0 -4.145084971874736
-2.938926261462367 11.280901699437493 -3.942210073098581
-2.938926261462367 12.43641981596713 -3.353444185374863
-2.938926261462367 13.353444185374862 -2.4364198159671315
-2.938926261462367 13.94221007309858 -1.280901699437495
-1.5450849718747381 14.855282581475766 0.0
-1.5450849718747381 14.617648137566883 1.5003648301686772
-1.5450849718747381 13.928006120906561 2.853863497103984
-1.5450849718747381 12.853863497103983 3.928006120906561
-1.5450849718747381 11.500364830168678 4.617648137566883
-1.5450849718747381 10.0 4.855282581475767
-1.5450849718747381 8.499635169831324 4.617648137566883
-1.5450849718747381 7.146136502896017 3.928006120906561
-1.5450849718747381 6.07199387909344 2.8538634971039847
-1.5450849718747381 5.382351862433117 1.5003648301686776
-1.5450849718747381 5.144717418524233 5.946006272360197e-16
-1.5450849718747381 5.382351862433117 -1.5003648301686767
-1.5450849718747381 6.071993879093439 -2.8538634971039833
-1.5450849718747381 7.146136502896015 -3.92800612090656
-1.5450849718747381 8.499635169831322 -4.617648137566883
-1.5450849718747381 9.999999999999998 -4.855282581475767
-1.5450849718747381 11.500364830168676 -4.617648137566883
-1.5450849718747381 12.853863497103983 -3.9280061209065615
-1.5450849718747381 13.92800612090656 -2.853863497103985
-1.5450849718747381 14.617648137566883 -1.5003648301686783
