6.0 0.0 0.0
5.706339097770921 1.8541019662496843 0.0
4.854101966249685 3.526711513754839 0.0
3.526711513754839 4.854101966249685 0.0
1.8541019662496847 5.706339097770921 0.0
3.6739403974420594e-16 6.0 0.0
-1.854101966249684 5.706339097770922 0.0
-3.5267115137548384 4.854101966249685 0.0
-4.854101966249684 3.5267115137548393 0.0
-5.706339097770921 1.8541019662496852 0.0
-6.0 7.347880794884119e-16 0.0
-5.706339097770922 -1.8541019662496838 0.0
-4.854101966249686 -3.5267115137548384 0.0
-3.5267115137548393 -4.854101966249684 0.0
-1.8541019662496854 -5.706339097770921 0.0
-1.102182119232618e-15 -6.0 0.0
1.8541019662496834 -5.706339097770922 0.0
3.5267115137548375 -4.854101966249686 0.0
4.854101966249684 -3.52671151375484 0.0
5.706339097770921 -1.8541019662496856 0.0
5.755282581475767 0.0 1.545084971874737
5.473599002232522 1.77848012510613 1.545084971874737
4.656121415844014 3.38287022416721 1.545084971874737
3.38287022416721 4.656121415844014 1.545084971874737
1.7784801251061302 5.473599002232522 1.545084971874737
3.524094195796407e-16 5.755282581475767 1.545084971874737
-1.7784801251061295 5.473599002232522 1.545084971874737
-3.3828702241672093 4.656121415844014 1.545084971874737
-4.656121415844013 3.3828702241672106 1.545084971874737
-5.473599002232522 1.7784801251061306 1.545084971874737
-5.755282581475767 7.048188391592814e-16 1.545084971874737
-5.473599002232522 -1.7784801251061293 1.545084971874737
-4.656121415844015 -3.3828702241672093 1.545084971874737
-3.3828702241672106 -4.656121415844013 1.545084971874737
-1.7784801251061308 -5.473599002232522 1.545084971874737
-1.0572282587389222e-15 -5.755282581475767 1.545084971874737
1.7784801251061289 -5.473599002232522 1.545084971874737
3.382870224167209 -4.656121415844015 1.545084971874737
4.656121415844013 -3.382870224167211 1.545084971874737
5.473599002232522 -1.7784801251061313 1.545084971874737
5.045084971874737 0.0 2.938926261462366
4.79816093776422 1.5590169943749472 2.938926261462366
4.0815594803123165 2.965426543030357 2.938926261462366
2.965426543030357 4.0815594803123165 2.938926261462366
1.5590169943749477 4.79816093776422 2.938926261462366
3.0892235811164056e-16 5.045084971874737 2.938926261462366
-1.559016994374947 4.798160937764221 2.938926261462366
-2.9654265430303566 4.0815594803123165 2.938926261462366
-4.081559480312316 2.965426543030358 2.938926261462366
-4.79816093776422 1.559016994374948 2.938926261462366
-5.045084971874737 6.178447162232811e-16 2.938926261462366
-4.798160937764221 -1.5590169943749468 2.938926261462366
-4.0815594803123165 -2.9654265430303566 2.938926261462366
-2.965426543030358 -4.081559480312316 2.938926261462366
-1.5590169943749481 -4.79816093776422 2.938926261462366
-9.267670743349216e-16 -5.045084971874737 2.938926261462366
1.5590169943749466 -4.798160937764221 2.938926261462366
2.965426543030356 -4.0815594803123165 2.938926261462366
4.081559480312316 -2.9654265430303584 2.938926261462366
4.79816093776422 -1.5590169943749483 2.938926261462366
3.938926261462366 0.0 4.045084971874737
3.746141488169891 1.2171951543816486 4.045084971874737
3.1866582851128316 2.3152427663551047 4.045084971874737
2.3152427663551047 3.1866582851128316 4.045084971874737
1.2171951543816488 3.746141488169891 4.045084971874737
2.411896719088668e-16 3.938926261462366 4.045084971874737
-1.2171951543816484 3.7461414881698913 4.045084971874737
-2.3152427663551043 3.1866582851128316 4.045084971874737
-3.186658285112831 2.315242766355105 4.045084971874737
-3.746141488169891 1.217195154381649 4.045084971874737
-3.938926261462366 4.823793438177336e-16 4.045084971874737
-3.7461414881698913 -1.2171951543816482 4.045084971874737
-3.186658285112832 -2.3152427663551043 4.045084971874737
-2.315242766355105 -3.186658285112831 4.045084971874737
-1.217195154381649 -3.746141488169891 4.045084971874737
-7.235690157266005e-16 -3.938926261462366 4.045084971874737
1.217195154381648 -3.7461414881698913 4.045084971874737
2.315242766355104 -3.186658285112832 4.045084971874737
3.186658285112831 -2.3152427663551056 4.045084971874737
3.746141488169891 -1.2171951543816493 4.045084971874737
2.5450849718747373 0.0 4.755282581475767
2.4205196470263366 0.7864745084375788 4.755282581475767
2.0590169943749475 1.4959634122991743 4.755282581475767
1.4959634122991743 2.0590169943749475 4.755282581475767
0.7864745084375789 2.4205196470263366 4.755282581475767
1.5584150821822143e-16 2.5450849718747373 4.755282581475767
-0.7864745084375787 2.4205196470263366 4.755282581475767
-1.495963412299174 2.0590169943749475 4.755282581475767
-2.0590169943749475 1.4959634122991745 4.755282581475767
-2.4205196470263366 0.7864745084375792 4.755282581475767
-2.5450849718747373 3.1168301643644285e-16 4.755282581475767
-2.4205196470263366 -0.7864745084375786 4.755282581475767
-2.059016994374948 -1.495963412299174 4.755282581475767
-1.4959634122991745 -2.0590169943749475 4.755282581475767
-0.7864745084375793 -2.4205196470263366 4.755282581475767
-4.675245246546642e-16 -2.5450849718747373 4.755282581475767
0.7864745084375784 -2.4205196470263366 4.755282581475767
1.4959634122991738 -2.059016994374948 4.755282581475767
2.0590169943749475 -1.495963412299175 4.755282581475767
2.4205196470263366 -0.7864745084375794 4.755282581475767
1.0000000000000002 0.0 5.0
0.9510565162951538 0.30901699437494745 5.0
0.8090169943749477 0.5877852522924732 5.0
0.5877852522924732 0.8090169943749477 5.0
0.3090169943749475 0.9510565162951538 5.0
6.123233995736767e-17 1.0000000000000002 5.0
-0.3090169943749474 0.9510565162951539 5.0
-0.5877852522924731 0.8090169943749477 5.0
-0.8090169943749476 0.5877852522924734 5.0
-0.9510565162951538 0.30901699437494756 5.0
-1.0000000000000002 1.2246467991473535e-16 5.0
-0.9510565162951539 -0.30901699437494734 5.0
-0.8090169943749478 -0.5877852522924731 5.0
-0.5877852522924734 -0.8090169943749476 5.0
-0.3090169943749476 -0.9510565162951538 5.0
-1.8369701987210302e-16 -1.0000000000000002 5.0
0.3090169943749473 -0.9510565162951539 5.0
0.587785252292473 -0.8090169943749478 5.0
0.8090169943749476 -0.5877852522924735 5.0
0.9510565162951538 -0.3090169943749477 5.0
-0.5450849718747368 0.0 4.755282581475768
-0.518406614436029 -0.1684405196876839 4.755282581475768
-0.4409830056250523 -0.3203929077142278 4.755282581475768
-0.3203929077142278 -0.4409830056250523 4.755282581475768
-0.16844051968768395 -0.518406614436029 4.755282581475768
-3.3376828303486076e-17 -0.5450849718747368 4.755282581475768
0.16844051968768387 -0.518406614436029 4.755282581475768
0.32039290771422774 -0.4409830056250523 4.755282581475768
0.44098300562505227 -0.32039290771422785 4.755282581475768
0.518406614436029 -0.16844051968768398 4.755282581475768
0.5450849718747368 -6.675365660697215e-17 4.755282581475768
0.518406614436029 0.16844051968768384 4.755282581475768
0.4409830056250524 0.32039290771422774 4.755282581475768
0.32039290771422785 0.44098300562505227 4.755282581475768
0.168440519687684 0.518406614436029 4.755282581475768
1.0013048491045822e-16 0.5450849718747368 4.755282581475768
-0.1684405196876838 0.518406614436029 4.755282581475768
-0.3203929077142277 0.4409830056250524 4.755282581475768
-0.44098300562505227 0.3203929077142279 4.755282581475768
-0.518406614436029 0.16844051968768403 4.755282581475768
-1.938926261462365 0.0 4.045084971874737
-1.844028455579583 -0.5991611656317535 4.045084971874737
-1.568624296362936 -1.139672261770158 4.045084971874737
-1.139672261770158 -1.568624296362936 4.045084971874737
-0.5991611656317536 -1.844028455579583 4.045084971874737
-1.1872499199413148e-16 -1.938926261462365 4.045084971874737
0.5991611656317534 -1.8440284555795832 4.045084971874737
1.1396722617701578 -1.568624296362936 4.045084971874737
1.5686242963629358 -1.1396722617701582 4.045084971874737
1.844028455579583 -0.5991611656317537 4.045084971874737
1.938926261462365 -2.3744998398826296e-16 4.045084971874737
1.8440284555795832 0.5991611656317533 4.045084971874737
1.5686242963629362 1.1396722617701578 4.045084971874737
1.1396722617701582 1.5686242963629358 4.045084971874737
0.5991611656317538 1.844028455579583 4.045084971874737
3.561749759823944e-16 1.938926261462365 4.045084971874737
-0.5991611656317531 1.8440284555795832 4.045084971874737
-1.1396722617701576 1.5686242963629362 4.045084971874737
-1.5686242963629358 1.1396722617701585 4.045084971874737
-1.844028455579583 0.5991611656317538 4.045084971874737
-3.0450849718747364 0.0 2.9389262614623664
-2.8960479051739125 -0.9409830056250522 2.9389262614623664
-2.4635254915624207 -1.7898560384454103 2.9389262614623664
-1.7898560384454103 -2.4635254915624207 2.9389262614623664
-0.9409830056250524 -2.8960479051739125 2.9389262614623664
-1.864576781969052e-16 -3.0450849718747364 2.9389262614623664
0.9409830056250521 -2.8960479051739125 2.9389262614623664
1.78985603844541 -2.4635254915624207 2.9389262614623664
2.4635254915624203 -1.7898560384454107 2.9389262614623664
2.8960479051739125 -0.9409830056250525 2.9389262614623664
3.0450849718747364 -3.729153563938104e-16 2.9389262614623664
2.8960479051739125 0.9409830056250519 2.9389262614623664
2.4635254915624207 1.78985603844541 2.9389262614623664
1.7898560384454107 2.4635254915624203 2.9389262614623664
0.9409830056250528 2.8960479051739125 2.9389262614623664
5.593730345907156e-16 3.0450849718747364 2.9389262614623664
-0.9409830056250518 2.8960479051739125 2.9389262614623664
-1.7898560384454096 2.4635254915624207 2.9389262614623664
-2.4635254915624203 1.789856038445411 2.9389262614623664
-2.8960479051739125 0.9409830056250529 2.9389262614623664
-3.7552825814757673 0.0 1.5450849718747375
-3.5714859696422145 -1.160446136356235 1.5450849718747375
-3.038087427094119 -2.207299719582264 1.5450849718747375
-2.207299719582264 -3.038087427094119 1.5450849718747375
-1.1604461363562353 -3.5714859696422145 1.5450849718747375
-2.2994473966490543e-16 -3.7552825814757673 1.5450849718747375
1.1604461363562348 -3.5714859696422145 1.5450849718747375
2.2072997195822635 -3.038087427094119 1.5450849718747375
3.0380874270941187 -2.2072997195822643 1.5450849718747375
3.5714859696422145 -1.1604461363562355 1.5450849718747375
3.7552825814757673 -4.598894793298109e-16 1.5450849718747375
3.5714859696422145 1.1604461363562346 1.5450849718747375
3.0380874270941196 2.2072997195822635 1.5450849718747375
2.2072997195822643 3.0380874270941187 1.5450849718747375
1.1604461363562357 3.5714859696422145 1.5450849718747375
6.898342189947161e-16 3.7552825814757673 1.5450849718747375
-1.1604461363562344 3.5714859696422145 1.5450849718747375
-2.207299719582263 3.0380874270941196 1.5450849718747375
-3.0380874270941187 2.2072997195822643 1.5450849718747375
-3.5714859696422145 1.160446136356236 1.5450849718747375
-4.0 0.0 6.123233995736766e-16
-3.804226065180614 -1.2360679774997896 6.123233995736766e-16
-3.23606797749979 -2.3511410091698925 6.123233995736766e-16
-2.3511410091698925 -3.23606797749979 6.123233995736766e-16
-1.2360679774997898 -3.804226065180614 6.123233995736766e-16
-2.4492935982947064e-16 -4.0 6.123233995736766e-16
1.2360679774997894 -3.8042260651806146 6.123233995736766e-16
2.351141009169892 -3.23606797749979 6.123233995736766e-16
3.2360679774997894 -2.351141009169893 6.123233995736766e-16
3.804226065180614 -1.23606797749979 6.123233995736766e-16
4.0 -4.898587196589413e-16 6.123233995736766e-16
3.8042260651806146 1.2360679774997891 6.123233995736766e-16
3.2360679774997902 2.351141009169892 6.123233995736766e-16
2.351141009169893 3.2360679774997894 6.123233995736766e-16
1.2360679774997902 3.804226065180614 6.123233995736766e-16
7.347880794884119e-16 4.0 6.123233995736766e-16
-1.236067977499789 3.8042260651806146 6.123233995736766e-16
-2.3511410091698917 3.2360679774997902 6.123233995736766e-16
-3.2360679774997894 2.3511410091698934 6.123233995736766e-16
-3.804226065180614 1.2360679774997905 6.123233995736766e-16
-3.755282581475768 0.0 -1.5450849718747364
-3.571485969642215 -1.1604461363562355 -1.5450849718747364
-3.0380874270941196 -2.2072997195822643 -1.5450849718747364
-2.2072997195822643 -3.0380874270941196 -1.5450849718747364
-1.1604461363562355 -3.571485969642215 -1.5450849718747364
-2.2994473966490548e-16 -3.755282581475768 -1.5450849718747364
1.1604461363562353 -3.5714859696422154 -1.5450849718747364
2.207299719582264 -3.0380874270941196 -1.5450849718747364
3.038087427094119 -2.207299719582265 -1.5450849718747364
3.571485969642215 -1.1604461363562357 -1.5450849718747364
3.755282581475768 -4.5988947932981095e-16 -1.5450849718747364
3.5714859696422154 1.160446136356235 -1.5450849718747364
3.03808742709412 2.207299719582264 -1.5450849718747364
2.207299719582265 3.038087427094119 -1.5450849718747364
1.160446136356236 3.571485969642215 -1.5450849718747364
6.898342189947163e-16 3.755282581475768 -1.5450849718747364
-1.1604461363562348 3.5714859696422154 -1.5450849718747364
-2.2072997195822635 3.03808742709412 -1.5450849718747364
-3.038087427094119 2.2072997195822652 -1.5450849718747364
-3.571485969642215 1.1604461363562362 -1.5450849718747364
-3.045084971874738 0.0 -2.938926261462365
-2.896047905173914 -0.9409830056250528 -2.938926261462365
-2.463525491562422 -1.7898560384454114 -2.938926261462365
-1.7898560384454114 -2.463525491562422 -2.938926261462365
-0.940983005625053 -2.896047905173914 -2.938926261462365
-1.8645767819690531e-16 -3.045084971874738 -2.938926261462365
0.9409830056250527 -2.8960479051739143 -2.938926261462365
1.7898560384454112 -2.463525491562422 -2.938926261462365
2.4635254915624216 -1.7898560384454119 -2.938926261462365
2.896047905173914 -0.9409830056250531 -2.938926261462365
3.045084971874738 -3.7291535639381063e-16 -2.938926261462365
2.8960479051739143 0.9409830056250524 -2.938926261462365
2.4635254915624225 1.7898560384454112 -2.938926261462365
1.7898560384454119 2.4635254915624216 -2.938926261462365
0.9409830056250533 2.896047905173914 -2.938926261462365
5.593730345907159e-16 3.045084971874738 -2.938926261462365
-0.9409830056250523 2.8960479051739143 -2.938926261462365
-1.7898560384454107 2.4635254915624225 -2.938926261462365
-2.4635254915624216 1.789856038445412 -2.938926261462365
-2.896047905173914 0.9409830056250534 -2.938926261462365
-1.9389262614623664 0.0 -4.045084971874736
-1.844028455579584 -0.5991611656317538 -4.045084971874736
-1.568624296362937 -1.1396722617701587 -4.045084971874736
-1.1396722617701587 -1.568624296362937 -4.045084971874736
-0.5991611656317539 -1.844028455579584 -4.045084971874736
-1.1872499199413155e-16 -1.9389262614623664 -4.045084971874736
0.5991611656317537 -1.8440284555795843 -4.045084971874736
1.1396722617701585 -1.568624296362937 -4.045084971874736
1.5686242963629369 -1.139672261770159 -4.045084971874736
1.844028455579584 -0.599161165631754 -4.045084971874736
1.9389262614623664 -2.374499839882631e-16 -4.045084971874736
1.8440284555795843 0.5991611656317536 -4.045084971874736
1.5686242963629373 1.1396722617701585 -4.045084971874736
1.139672261770159 1.5686242963629369 -4.045084971874736
0.5991611656317541 1.844028455579584 -4.045084971874736
3.5617497598239463e-16 1.9389262614623664 -4.045084971874736
-0.5991611656317535 1.8440284555795843 -4.045084971874736
-1.1396722617701582 1.5686242963629373 -4.045084971874736
-1.5686242963629369 1.1396722617701591 -4.045084971874736
-1.844028455579584 0.5991611656317543 -4.045084971874736
-0.5450849718747377 0.0 -4.755282581475767
-0.5184066144360298 -0.16844051968768417 -4.755282581475767
-0.44098300562505305 -0.32039290771422835 -4.755282581475767
-0.32039290771422835 -0.44098300562505305 -4.755282581475767
-0.1684405196876842 -0.5184066144360298 -4.755282581475767
-3.337682830348613e-17 -0.5450849718747377 -4.755282581475767
0.16844051968768414 -0.5184066144360299 -4.755282581475767
0.32039290771422824 -0.44098300562505305 -4.755282581475767
0.440983005625053 -0.3203929077142284 -4.755282581475767
0.5184066144360298 -0.16844051968768425 -4.755282581475767
0.5450849718747377 -6.675365660697226e-17 -4.755282581475767
0.5184066144360299 0.16844051968768411 -4.755282581475767
0.4409830056250531 0.32039290771422824 -4.755282581475767
0.3203929077142284 0.440983005625053 -4.755282581475767
0.16844051968768428 0.5184066144360298 -4.755282581475767
1.0013048491045838e-16 0.5450849718747377 -4.755282581475767
-0.1684405196876841 0.5184066144360299 -4.755282581475767
-0.3203929077142282 0.4409830056250531 -4.755282581475767
-0.440983005625053 0.32039290771422846 -4.755282581475767
-0.5184066144360298 0.1684405196876843 -4.755282581475767
0.9999999999999991 0.0 -5.0
0.9510565162951526 0.3090169943749471 -5.0
0.8090169943749468 0.5877852522924726 -5.0
0.5877852522924726 0.8090169943749468 -5.0
0.3090169943749472 0.9510565162951526 -5.0
6.123233995736761e-17 0.9999999999999991 -5.0
-0.30901699437494706 0.9510565162951528 -5.0
-0.5877852522924725 0.8090169943749468 -5.0
-0.8090169943749467 0.5877852522924727 -5.0
-0.9510565162951526 0.30901699437494723 -5.0
-0.9999999999999991 1.2246467991473522e-16 -5.0
-0.9510565162951528 -0.309016994374947 -5.0
-0.8090169943749469 -0.5877852522924725 -5.0
-0.5877852522924727 -0.8090169943749467 -5.0
-0.3090169943749473 -0.9510565162951526 -5.0
-1.836970198721028e-16 -0.9999999999999991 -5.0
0.30901699437494695 -0.9510565162951528 -5.0
0.5877852522924724 -0.8090169943749469 -5.0
0.8090169943749467 -0.5877852522924728 -5.0
0.9510565162951526 -0.30901699437494734 -5.0
2.5450849718747364 0.0 -4.755282581475768
2.4205196470263357 0.7864745084375786 -4.755282581475768
2.059016994374947 1.4959634122991738 -4.755282581475768
1.4959634122991738 2.059016994374947 -4.755282581475768
0.7864745084375787 2.4205196470263357 -4.755282581475768
1.5584150821822138e-16 2.5450849718747364 -4.755282581475768
-0.7864745084375784 2.4205196470263357 -4.755282581475768
-1.4959634122991736 2.059016994374947 -4.755282581475768
-2.0590169943749466 1.495963412299174 -4.755282581475768
-2.4205196470263357 0.7864745084375788 -4.755282581475768
-2.5450849718747364 3.1168301643644276e-16 -4.755282581475768
-2.4205196470263357 -0.7864745084375783 -4.755282581475768
-2.059016994374947 -1.4959634122991736 -4.755282581475768
-1.495963412299174 -2.0590169943749466 -4.755282581475768
-0.7864745084375789 -2.4205196470263357 -4.755282581475768
-4.67524524654664e-16 -2.5450849718747364 -4.755282581475768
0.7864745084375782 -2.4205196470263357 -4.755282581475768
1.4959634122991732 -2.059016994374947 -4.755282581475768
2.0590169943749466 -1.4959634122991743 -4.755282581475768
2.4205196470263357 -0.7864745084375792 -4.755282581475768
3.9389262614623646 0.0 -4.045084971874738
3.7461414881698896 1.2171951543816482 -4.045084971874738
3.1866582851128307 2.315242766355104 -4.045084971874738
2.315242766355104 3.1866582851128307 -4.045084971874738
1.2171951543816484 3.7461414881698896 -4.045084971874738
2.4118967190886678e-16 3.9389262614623646 -4.045084971874738
-1.217195154381648 3.74614148816989 -4.045084971874738
-2.3152427663551034 3.1866582851128307 -4.045084971874738
-3.1866582851128302 2.3152427663551043 -4.045084971874738
-3.7461414881698896 1.2171951543816486 -4.045084971874738
-3.9389262614623646 4.8237934381773355e-16 -4.045084971874738
-3.74614148816989 -1.2171951543816477 -4.045084971874738
-3.186658285112831 -2.3152427663551034 -4.045084971874738
-2.3152427663551043 -3.1866582851128302 -4.045084971874738
-1.2171951543816488 -3.7461414881698896 -4.045084971874738
-7.235690157266003e-16 -3.9389262614623646 -4.045084971874738
1.2171951543816475 -3.74614148816989 -4.045084971874738
2.315242766355103 -3.186658285112831 -4.045084971874738
3.1866582851128302 -2.3152427663551047 -4.045084971874738
3.7461414881698896 -1.217195154381649 -4.045084971874738
5.045084971874736 0.0 -2.938926261462367
4.798160937764219 1.559016994374947 -2.938926261462367
4.081559480312316 2.9654265430303566 -2.938926261462367
2.9654265430303566 4.081559480312316 -2.938926261462367
1.5590169943749472 4.798160937764219 -2.938926261462367
3.089223581116405e-16 5.045084971874736 -2.938926261462367
-1.5590169943749468 4.79816093776422 -2.938926261462367
-2.965426543030356 4.081559480312316 -2.938926261462367
-4.081559480312315 2.965426543030357 -2.938926261462367
-4.798160937764219 1.5590169943749477 -2.938926261462367
-5.045084971874736 6.17844716223281e-16 -2.938926261462367
-4.79816093776422 -1.5590169943749466 -2.938926261462367
-4.081559480312316 -2.965426543030356 -2.938926261462367
-2.965426543030357 -4.081559480312315 -2.938926261462367
-1.559016994374948 -4.798160937764219 -2.938926261462367
-9.267670743349214e-16 -5.045084971874736 -2.938926261462367
1.5590169943749461 -4.79816093776422 -2.938926261462367
2.9654265430303557 -4.081559480312316 -2.938926261462367
4.081559480312315 -2.965426543030358 -2.938926261462367
4.798160937764219 -1.5590169943749481 -2.938926261462367
5.755282581475767 0.0 -1.5450849718747381
5.473599002232522 1.77848012510613 -1.5450849718747381
4.656121415844014 3.38287022416721 -1.5450849718747381
3.38287022416721 4.656121415844014 -1.5450849718747381
1.7784801251061302 5.473599002232522 -1.5450849718747381
3.524094195796407e-16 5.755282581475767 -1.5450849718747381
-1.7784801251061295 5.473599002232522 -1.5450849718747381
-3.3828702241672093 4.656121415844014 -1.5450849718747381
-4.656121415844013 3.3828702241672106 -1.5450849718747381
-5.473599002232522 1.7784801251061306 -1.5450849718747381
-5.755282581475767 7.048188391592814e-16 -1.5450849718747381
-5.473599002232522 -1.7784801251061293 -1.5450849718747381
-4.656121415844015 -3.3828702241672093 -1.5450849718747381
-3.3828702241672106 -4.656121415844013 -1.5450849718747381
-1.7784801251061308 -5.473599002232522 -1.5450849718747381
-1.0572282587389222e-15 -5.755282581475767 -1.5450849718747381
1.7784801251061289 -5.473599002232522 -1.5450849718747381
3.382870224167209 -4.656121415844015 -1.5450849718747381
4.656121415844013 -3.382870224167211 -1.5450849718747381
5.473599002232522 -1.7784801251061313 -1.5450849718747381
0.0 106.0 0.0
0.0 105.70633909777092 1.8541019662496843
0.0 104.85410196624969 3.526711513754839
0.0 103.52671151375483 4.854101966249685
0.0 101.85410196624969 5.706339097770921
0.0 100.0 6.0
0.0 98.14589803375031 5.706339097770922
0.0 96.47328848624517 4.854101966249685
0.0 95.14589803375031 3.5267115137548393
0.0 94.29366090222908 1.8541019662496852
0.0 94.0 7.347880794884119e-16
0.0 94.29366090222908 -1.8541019662496838
0.0 95.14589803375031 -3.5267115137548384
0.0 96.47328848624517 -4.854101966249684
0.0 98.14589803375031 -5.706339097770921
0.0 100.0 -6.0
0.0 101.85410196624969 -5.706339097770922
0.0 103.52671151375483 -4.854101966249686
0.0 104.85410196624969 -3.52671151375484
0.0 105.70633909777092 -1.8541019662496856
1.545084971874737 105.75528258147577 0.0
1.545084971874737 105.47359900223252 1.77848012510613
1.545084971874737 104.65612141584401 3.38287022416721
1.545084971874737 103.3828702241672 4.656121415844014
1.545084971874737 101.77848012510613 5.473599002232522
1.545084971874737 100.0 5.755282581475767
1.545084971874737 98.22151987489387 5.473599002232522
1.545084971874737 96.6171297758328 4.656121415844014
1.545084971874737 95.34387858415599 3.3828702241672106
1.545084971874737 94.52640099776748 1.7784801251061306
1.545084971874737 94.24471741852423 7.048188391592814e-16
1.545084971874737 94.52640099776748 -1.7784801251061293
1.545084971874737 95.34387858415599 -3.3828702241672093
1.545084971874737 96.6171297758328 -4.656121415844013
1.545084971874737 98.22151987489387 -5.473599002232522
1.545084971874737 100.0 -5.755282581475767
1.545084971874737 101.77848012510613 -5.473599002232522
1.545084971874737 103.3828702241672 -4.656121415844015
1.545084971874737 104.65612141584401 -3.382870224167211
1.545084971874737 105.47359900223252 -1.7784801251061313
2.938926261462366 105.04508497187474 0.0
2.938926261462366 104.79816093776422 1.5590169943749472
2.938926261462366 104.08155948031232 2.965426543030357
2.938926261462366 102.96542654303036 4.0815594803123165
2.938926261462366 101.55901699437494 4.79816093776422
2.938926261462366 100.0 5.045084971874737
2.938926261462366 98.44098300562506 4.798160937764221
2.938926261462366 97.03457345696964 4.0815594803123165
2.938926261462366 95.91844051968768 2.965426543030358
2.938926261462366 95.20183906223578 1.559016994374948
2.938926261462366 94.95491502812526 6.178447162232811e-16
2.938926261462366 95.20183906223578 -1.5590169943749468
2.938926261462366 95.91844051968768 -2.9654265430303566
2.938926261462366 97.03457345696964 -4.081559480312316
2.938926261462366 98.44098300562506 -4.79816093776422
2.938926261462366 100.0 -5.045084971874737
2.938926261462366 101.55901699437494 -4.798160937764221
2.938926261462366 102.96542654303036 -4.0815594803123165
2.938926261462366 104.08155948031232 -2.9654265430303584
2.938926261462366 104.79816093776422 -1.5590169943749483
4.045084971874737 103.93892626146237 0.0
4.045084971874737 103.7461414881699 1.2171951543816486
4.045084971874737 103.18665828511283 2.3152427663551047
4.045084971874737 102.3152427663551 3.1866582851128316
4.045084971874737 101.21719515438164 3.746141488169891
4.045084971874737 100.0 3.938926261462366
4.045084971874737 98.78280484561836 3.7461414881698913
4.045084971874737 97.6847572336449 3.1866582851128316
4.045084971874737 96.81334171488717 2.315242766355105
4.045084971874737 96.2538585118301 1.217195154381649
4.045084971874737 96.06107373853763 4.823793438177336e-16
4.045084971874737 96.2538585118301 -1.2171951543816482
4.045084971874737 96.81334171488717 -2.3152427663551043
4.045084971874737 97.68475723364489 -3.186658285112831
4.045084971874737 98.78280484561836 -3.746141488169891
4.045084971874737 100.0 -3.938926261462366
4.045084971874737 101.21719515438164 -3.7461414881698913
4.045084971874737 102.3152427663551 -3.186658285112832
4.045084971874737 103.18665828511283 -2.3152427663551056
4.045084971874737 103.7461414881699 -1.2171951543816493
4.755282581475767 102.54508497187474 0.0
4.755282581475767 102.42051964702634 0.7864745084375788
4.755282581475767 102.05901699437494 1.4959634122991743
4.755282581475767 101.49596341229918 2.0590169943749475
4.755282581475767 100.78647450843758 2.4205196470263366
4.755282581475767 100.0 2.5450849718747373
4.755282581475767 99.21352549156242 2.4205196470263366
4.755282581475767 98.50403658770082 2.0590169943749475
4.755282581475767 97.94098300562506 1.4959634122991745
4.755282581475767 97.57948035297366 0.7864745084375792
4.755282581475767 97.45491502812526 3.1168301643644285e-16
4.755282581475767 97.57948035297366 -0.7864745084375786
4.755282581475767 97.94098300562506 -1.495963412299174
4.755282581475767 98.50403658770082 -2.0590169943749475
4.755282581475767 99.21352549156242 -2.4205196470263366
4.755282581475767 100.0 -2.5450849718747373
4.755282581475767 100.78647450843758 -2.4205196470263366
4.755282581475767 101.49596341229918 -2.059016994374948
4.755282581475767 102.05901699437494 -1.495963412299175
4.755282581475767 102.42051964702634 -0.7864745084375794
5.0 101.0 0.0
5.0 100.95105651629515 0.30901699437494745
5.0 100.80901699437494 0.5877852522924732
5.0 100.58778525229248 0.8090169943749477
5.0 100.30901699437494 0.9510565162951538
5.0 100.0 1.0000000000000002
5.0 99.69098300562506 0.9510565162951539
5.0 99.41221474770752 0.8090169943749477
5.0 99.19098300562506 0.5877852522924734
5.0 99.04894348370485 0.30901699437494756
5.0 99.0 1.2246467991473535e-16
5.0 99.04894348370485 -0.30901699437494734
5.0 99.19098300562506 -0.5877852522924731
5.0 99.41221474770752 -0.8090169943749476
5.0 99.69098300562506 -0.9510565162951538
5.0 100.0 -1.0000000000000002
5.0 100.30901699437494 -0.9510565162951539
5.0 100.58778525229248 -0.8090169943749478
5.0 100.80901699437494 -0.5877852522924735
5.0 100.95105651629515 -0.3090169943749477
4.755282581475768 99.45491502812526 0.0
4.755282581475768 99.48159338556397 -0.1684405196876839
4.755282581475768 99.55901699437494 -0.3203929077142278
4.755282581475768 99.67960709228578 -0.4409830056250523
4.755282581475768 99.83155948031232 -0.518406614436029
4.755282581475768 100.0 -0.5450849718747368
4.755282581475768 100.16844051968768 -0.518406614436029
4.755282581475768 100.32039290771422 -0.4409830056250523
4.755282581475768 100.44098300562506 -0.32039290771422785
4.755282581475768 100.51840661443603 -0.16844051968768398
4.755282581475768 100.54508497187474 -6.675365660697215e-17
4.755282581475768 100.51840661443603 0.16844051968768384
4.755282581475768 100.44098300562506 0.32039290771422774
4.755282581475768 100.32039290771422 0.44098300562505227
4.755282581475768 100.16844051968768 0.518406614436029
4.755282581475768 100.0 0.5450849718747368
4.755282581475768 99.83155948031232 0.518406614436029
4.755282581475768 99.67960709228578 0.4409830056250524
4.755282581475768 99.55901699437494 0.3203929077142279
4.755282581475768 99.48159338556397 0.16844051968768403
4.045084971874737 98.06107373853763 0.0
4.045084971874737 98.15597154442041 -0.5991611656317535
4.045084971874737 98.43137570363706 -1.139672261770158
4.045084971874737 98.86032773822984 -1.568624296362936
4.045084971874737 99.40083883436824 -1.844028455579583
4.045084971874737 100.0 -1.938926261462365
4.045084971874737 100.59916116563176 -1.8440284555795832
4.045084971874737 101.13967226177016 -1.568624296362936
4.045084971874737 101.56862429636294 -1.1396722617701582
4.045084971874737 101.84402845557959 -0.5991611656317537
4.045084971874737 101.93892626146237 -2.3744998398826296e-16
4.045084971874737 101.84402845557959 0.5991611656317533
4.045084971874737 101.56862429636294 1.1396722617701578
4.045084971874737 101.13967226177016 1.5686242963629358
4.045084971874737 100.59916116563176 1.844028455579583
4.045084971874737 100.0 1.938926261462365
4.045084971874737 99.40083883436824 1.8440284555795832
4.045084971874737 98.86032773822984 1.5686242963629362
4.045084971874737 98.43137570363706 1.1396722617701585
4.045084971874737 98.15597154442041 0.5991611656317538
2.9389262614623664 96.95491502812527 0.0
2.9389262614623664 97.10395209482608 -0.9409830056250522
2.9389262614623664 97.53647450843758 -1.7898560384454103
2.9389262614623664 98.21014396155459 -2.4635254915624207
2.9389262614623664 99.05901699437494 -2.8960479051739125
2.9389262614623664 100.0 -3.0450849718747364
2.9389262614623664 100.94098300562506 -2.8960479051739125
2.9389262614623664 101.78985603844541 -2.4635254915624207
2.9389262614623664 102.46352549156242 -1.7898560384454107
2.9389262614623664 102.89604790517392 -0.9409830056250525
2.9389262614623664 103.04508497187473 -3.729153563938104e-16
2.9389262614623664 102.89604790517392 0.9409830056250519
2.9389262614623664 102.46352549156242 1.78985603844541
2.9389262614623664 101.78985603844541 2.4635254915624203
2.9389262614623664 100.94098300562506 2.8960479051739125
2.9389262614623664 100.0 3.0450849718747364
2.9389262614623664 99.05901699437494 2.8960479051739125
2.9389262614623664 98.21014396155459 2.4635254915624207
2.9389262614623664 97.53647450843758 1.789856038445411
2.9389262614623664 97.10395209482608 0.9409830056250529
1.5450849718747375 96.24471741852423 0.0
1.5450849718747375 96.42851403035779 -1.160446136356235
1.5450849718747375 96.96191257290587 -2.207299719582264
1.5450849718747375 97.79270028041773 -3.038087427094119
1.5450849718747375 98.83955386364376 -3.5714859696422145
1.5450849718747375 100.0 -3.7552825814757673
1.5450849718747375 101.16044613635623 -3.5714859696422145
1.5450849718747375 102.20729971958227 -3.038087427094119
1.5450849718747375 103.03808742709411 -2.2072997195822643
1.5450849718747375 103.57148596964221 -1.1604461363562355
1.5450849718747375 103.75528258147577 -4.598894793298109e-16
1.5450849718747375 103.57148596964221 1.1604461363562346
1.5450849718747375 103.03808742709413 2.2072997195822635
1.5450849718747375 102.20729971958227 3.0380874270941187
1.5450849718747375 101.16044613635624 3.5714859696422145
1.5450849718747375 100.0 3.7552825814757673
1.5450849718747375 98.83955386364377 3.5714859696422145
1.5450849718747375 97.79270028041773 3.0380874270941196
1.5450849718747375 96.96191257290589 2.2072997195822643
1.5450849718747375 96.42851403035779 1.160446136356236
6.123233995736766e-16 96.0 0.0
6.123233995736766e-16 96.19577393481939 -1.2360679774997896
6.123233995736766e-16 96.76393202250021 -2.3511410091698925
6.123233995736766e-16 97.6488589908301 -3.23606797749979
6.123233995736766e-16 98.76393202250021 -3.804226065180614
6.123233995736766e-16 100.0 -4.0
6.123233995736766e-16 101.23606797749979 -3.8042260651806146
6.123233995736766e-16 102.3511410091699 -3.23606797749979
6.123233995736766e-16 103.23606797749979 -2.351141009169893
6.123233995736766e-16 103.80422606518061 -1.23606797749979
6.123233995736766e-16 104.0 -4.898587196589413e-16
6.123233995736766e-16 103.80422606518061 1.2360679774997891
6.123233995736766e-16 103.23606797749979 2.351141009169892
6.123233995736766e-16 102.3511410091699 3.2360679774997894
6.123233995736766e-16 101.23606797749979 3.804226065180614
6.123233995736766e-16 100.0 4.0
6.123233995736766e-16 98.76393202250021 3.8042260651806146
6.123233995736766e-16 97.6488589908301 3.2360679774997902
6.123233995736766e-16 96.76393202250021 2.3511410091698934
6.123233995736766e-16 96.19577393481939 1.2360679774997905
-1.5450849718747364 96.24471741852423 0.0
-1.5450849718747364 96.42851403035779 -1.1604461363562355
-1.5450849718747364 96.96191257290587 -2.2072997195822643
-1.5450849718747364 97.79270028041773 -3.0380874270941196
-1.5450849718747364 98.83955386364376 -3.571485969642215
-1.5450849718747364 100.0 -3.755282581475768
-1.5450849718747364 101.16044613635624 -3.5714859696422154
-1.5450849718747364 102.20729971958227 -3.0380874270941196
-1.5450849718747364 103.03808742709413 -2.207299719582265
-1.5450849718747364 103.57148596964221 -1.1604461363562357
-1.5450849718747364 103.75528258147577 -4.5988947932981095e-16
-1.5450849718747364 103.57148596964221 1.160446136356235
-1.5450849718747364 103.03808742709413 2.207299719582264
-1.5450849718747364 102.20729971958227 3.038087427094119
-1.5450849718747364 101.16044613635624 3.571485969642215
-1.5450849718747364 100.0 3.755282581475768
-1.5450849718747364 98.83955386364377 3.5714859696422154
-1.5450849718747364 97.79270028041773 3.03808742709412
-1.5450849718747364 96.96191257290587 2.2072997195822652
-1.5450849718747364 96.42851403035779 1.1604461363562362
-2.938926261462365 96.95491502812526 0.0
-2.938926261462365 97.10395209482608 -0.9409830056250528
-2.938926261462365 97.53647450843758 -1.7898560384454114
-2.938926261462365 98.21014396155459 -2.463525491562422
-2.938926261462365 99.05901699437494 -2.896047905173914
-2.938926261462365 100.0 -3.045084971874738
-2.938926261462365 100.94098300562506 -2.8960479051739143
-2.938926261462365 101.78985603844541 -2.463525491562422
-2.938926261462365 102.46352549156242 -1.7898560384454119
-2.938926261462365 102.89604790517392 -0.9409830056250531
-2.938926261462365 103.04508497187474 -3.7291535639381063e-16
-2.938926261462365 102.89604790517392 0.9409830056250524
-2.938926261462365 102.46352549156242 1.7898560384454112
-2.938926261462365 101.78985603844541 2.4635254915624216
-2.938926261462365 100.94098300562506 2.896047905173914
-2.938926261462365 100.0 3.045084971874738
-2.938926261462365 99.05901699437494 2.8960479051739143
-2.938926261462365 98.21014396155459 2.4635254915624225
-2.938926261462365 97.53647450843758 1.789856038445412
-2.938926261462365 97.10395209482608 0.9409830056250534
-4.045084971874736 98.06107373853763 0.0
-4.045084971874736 98.15597154442041 -0.5991611656317538
-4.045084971874736 98.43137570363706 -1.1396722617701587
-4.045084971874736 98.86032773822984 -1.568624296362937
-4.045084971874736 99.40083883436824 -1.844028455579584
-4.045084971874736 100.0 -1.9389262614623664
-4.045084971874736 100.59916116563176 -1.8440284555795843
-4.045084971874736 101.13967226177016 -1.568624296362937
-4.045084971874736 101.56862429636294 -1.139672261770159
-4.045084971874736 101.84402845557959 -0.599161165631754
-4.045084971874736 101.93892626146237 -2.374499839882631e-16
-4.045084971874736 101.84402845557959 0.5991611656317536
-4.045084971874736 101.56862429636294 1.1396722617701585
-4.045084971874736 101.13967226177016 1.5686242963629369
-4.045084971874736 100.59916116563176 1.844028455579584
-4.045084971874736 100.0 1.9389262614623664
-4.045084971874736 99.40083883436824 1.8440284555795843
-4.045084971874736 98.86032773822984 1.5686242963629373
-4.045084971874736 98.43137570363706 1.1396722617701591
-4.045084971874736 98.15597154442041 0.5991611656317543
-4.755282581475767 99.45491502812526 0.0
-4.755282581475767 99.48159338556397 -0.16844051968768417
-4.755282581475767 99.55901699437494 -0.32039290771422835
-4.755282581475767 99.67960709228578 -0.44098300562505305
-4.755282581475767 99.83155948031232 -0.5184066144360298
-4.755282581475767 100.0 -0.5450849718747377
-4.755282581475767 100.16844051968768 -0.5184066144360299
-4.755282581475767 100.32039290771422 -0.44098300562505305
-4.755282581475767 100.44098300562506 -0.3203929077142284
-4.755282581475767 100.51840661443603 -0.16844051968768425
-4.755282581475767 100.54508497187474 -6.675365660697226e-17
-4.755282581475767 100.51840661443603 0.16844051968768411
-4.755282581475767 100.44098300562506 0.32039290771422824
-4.755282581475767 100.32039290771422 0.440983005625053
-4.755282581475767 100.16844051968768 0.5184066144360298
-4.755282581475767 100.0 0.5450849718747377
-4.755282581475767 99.83155948031232 0.5184066144360299
-4.755282581475767 99.67960709228578 0.4409830056250531
-4.755282581475767 99.55901699437494 0.32039290771422846
-4.755282581475767 99.48159338556397 0.1684405196876843
-5.0 101.0 0.0
-5.0 100.95105651629515 0.3090169943749471
-5.0 100.80901699437494 0.5877852522924726
-5.0 100.58778525229248 0.8090169943749468
-5.0 100.30901699437494 0.9510565162951526
-5.0 100.0 0.9999999999999991
-5.0 99.69098300562506 0.9510565162951528
-5.0 99.41221474770752 0.8090169943749468
-5.0 99.19098300562506 0.5877852522924727
-5.0 99.04894348370485 0.30901699437494723
-5.0 99.0 1.2246467991473522e-16
-5.0 99.04894348370485 -0.309016994374947
-5.0 99.19098300562506 -0.5877852522924725
-5.0 99.41221474770752 -0.8090169943749467
-5.0 99.69098300562506 -0.9510565162951526
-5.0 100.0 -0.9999999999999991
-5.0 100.30901699437494 -0.9510565162951528
-5.0 100.58778525229248 -0.8090169943749469
-5.0 100.80901699437494 -0.5877852522924728
-5.0 100.95105651629515 -0.30901699437494734
-4.755282581475768 102.54508497187473 0.0
-4.755282581475768 102.42051964702634 0.7864745084375786
-4.755282581475768 102.05901699437494 1.4959634122991738
-4.755282581475768 101.49596341229918 2.059016994374947
-4.755282581475768 100.78647450843758 2.4205196470263357
-4.755282581475768 100.0 2.5450849718747364
-4.755282581475768 99.21352549156242 2.4205196470263357
-4.755282581475768 98.50403658770082 2.059016994374947
-4.755282581475768 97.94098300562506 1.495963412299174
-4.755282581475768 97.57948035297366 0.7864745084375788
-4.755282581475768 97.45491502812527 3.1168301643644276e-16
-4.755282581475768 97.57948035297366 -0.7864745084375783
-4.755282581475768 97.94098300562506 -1.4959634122991736
-4.755282581475768 98.50403658770082 -2.0590169943749466
-4.755282581475768 99.21352549156242 -2.4205196470263357
-4.755282581475768 100.0 -2.5450849718747364
-4.755282581475768 100.78647450843758 -2.4205196470263357
-4.755282581475768 101.49596341229918 -2.059016994374947
-4.755282581475768 102.05901699437494 -1.4959634122991743
-4.755282581475768 102.42051964702634 -0.7864745084375792
-4.045084971874738 103.93892626146237 0.0
-4.045084971874738 103.74614148816988 1.2171951543816482
-4.045084971874738 103.18665828511283 2.315242766355104
-4.045084971874738 102.3152427663551 3.1866582851128307
-4.045084971874738 101.21719515438164 3.7461414881698896
-4.045084971874738 100.0 3.9389262614623646
-4.045084971874738 98.78280484561836 3.74614148816989
-4.045084971874738 97.6847572336449 3.1866582851128307
-4.045084971874738 96.81334171488717 2.3152427663551043
-4.045084971874738 96.25385851183012 1.2171951543816486
-4.045084971874738 96.06107373853763 4.8237934381773355e-16
-4.045084971874738 96.25385851183012 -1.2171951543816477
-4.045084971874738 96.81334171488717 -2.3152427663551034
-4.045084971874738 97.6847572336449 -3.1866582851128302
-4.045084971874738 98.78280484561836 -3.7461414881698896
-4.045084971874738 100.0 -3.9389262614623646
-4.045084971874738 101.21719515438164 -3.74614148816989
-4.045084971874738 102.3152427663551 -3.186658285112831
-4.045084971874738 103.18665828511283 -2.3152427663551047
-4.045084971874738 103.74614148816988 -1.217195154381649
-2.938926261462367 105.04508497187473 0.0
-2.938926261462367 104.79816093776422 1.559016994374947
-2.938926261462367 104.08155948031232 2.9654265430303566
-2.938926261462367 102.96542654303036 4.081559480312316
-2.938926261462367 101.55901699437494 4.798160937764219
-2.938926261462367 100.0 5.045084971874736
-2.938926261462367 98.44098300562506 4.79816093776422
-2.938926261462367 97.03457345696964 4.081559480312316
-2.938926261462367 95.91844051968769 2.965426543030357
-2.938926261462367 95.20183906223578 1.5590169943749477
-2.938926261462367 94.95491502812527 6.17844716223281e-16
-2.938926261462367 95.20183906223578 -1.5590169943749466
-2.938926261462367 95.91844051968768 -2.965426543030356
-2.938926261462367 97.03457345696964 -4.081559480312315
-2.938926261462367 98.44098300562506 -4.798160937764219
-2.938926261462367 100.0 -5.045084971874736
-2.938926261462367 101.55901699437494 -4.79816093776422
-2.938926261462367 102.96542654303036 -4.081559480312316
-2.938926261462367 104.08155948031231 -2.965426543030358
-2.938926261462367 104.79816093776422 -1.5590169943749481
-1.5450849718747381 105.75528258147577 0.0
-1.5450849718747381 105.47359900223252 1.77848012510613
-1.5450849718747381 104.65612141584401 3.38287022416721
-1.5450849718747381 103.3828702241672 4.656121415844014
-1.5450849718747381 101.77848012510613 5.473599002232522
-1.5450849718747381 100.0 5.755282581475767
-1.5450849718747381 98.22151987489387 5.473599002232522
-1.5450849718747381 96.6171297758328 4.656121415844014
-1.5450849718747381 95.34387858415599 3.3828702241672106
-1.5450849718747381 94.52640099776748 1.7784801251061306
-1.5450849718747381 94.24471741852423 7.048188391592814e-16
-1.5450849718747381 94.52640099776748 -1.7784801251061293
-1.5450849718747381 95.34387858415599 -3.3828702241672093
-1.5450849718747381 96.6171297758328 -4.656121415844013
-1.5450849718747381 98.22151987489387 -5.473599002232522
-1.5450849718747381 100.0 -5.755282581475767
-1.5450849718747381 101.77848012510613 -5.473599002232522
-1.5450849718747381 103.3828702241672 -4.656121415844015
-1.5450849718747381 104.65612141584401 -3.382870224167211
-1.5450849718747381 105.47359900223252 -1.7784801251061313
