6.0 0.0 0.0
5.999131517412065 7.53912784916963e-2 1.2566039883352607e-2
5.996526580798344 0.15074089089276138 2.513009544333748e-2
5.992186723292123 0.22600719648976633 3.769018266993454e-2
5.986114499059267 0.30114860530780674 5.0244318179769556e-2
5.9783134817144665 0.376123603440074 6.279051952931337e-2
5.968788262105399 0.4508907783298253 7.532680552793272e-2
5.957544445466187 0.5254088439889334 8.785119655074318e-2
5.944588647941917 0.5996366661372324 0.1003617148512149
5.929928492486451 0.6735332872469346 0.11285638487348168
5.913572604136056 0.7470579514764414 0.12533323356430426
5.895530604661866 0.8201701294779512 0.13779029068463808
5.8758131066045225 0.8928295430633445 0.15022558912075706
5.8544317066947285 0.9649961897129072 0.16263716519488358
5.8313989786638905 1.0366303669115688 0.17502305897527606
5.806728465449317 1.1076926962974194 0.18738131458572463
5.780434670798923 1.178144147607413 0.19970998051440703
5.752533050280683 1.247946062405265 0.21200710992205463
5.723040001702504 1.3170601775767132 0.22427076094938117
5.691972854948536 1.3854486485774447 0.2364989970237247
5.659349861238289 1.4530740724191429 0.2486898871648548
5.625190181815363 1.5198995103792992 0.26084150628989694
5.589513876072816 1.5858885104205644 0.2729519355173252
5.552341889122729 1.6510051293056487 0.2850192624699761
5.513696038817711 1.715213954393926 0.2970415815770349
5.473599002232522 1.77848012510613 0.3090169943749474
5.432074301614334 1.840769354043723 0.3209436098072095
5.389146289810423 1.902047947749738 0.3328195445229867
5.344840135182493 1.9622828270981276 0.34464292317451706
5.299181806017067 2.02144154729888 0.35641187871325075
5.252198054441779 2.0794923175063995 0.368124552684678
5.203916399857672 2.1364040200189245 0.3797790955218011
5.154365111897883 2.1921462290569695 0.3913736668372024
5.103573192923478 2.2466892291090974 0.40290643571366264
5.0515703600673865 2.3000040328335434 0.41437558099328414
4.998387026837745 2.352062398504546 0.42577929156507266
4.944054284292207 2.40283684699248 0.4371157666509329
4.888603881795061 2.4523006782672234 0.44838321609003223
4.832068207369213 2.5004279874144477 0.45957986062148787
4.774480267655424 2.5471936801548645 0.4707039321653326
4.715873667491356 2.5925734878567535 0.4817536741017153
4.656282589123292 2.6365439820324226 0.49272734154829156
4.5957417710635635 2.6790825883095746 0.5036232016357608
4.534286486606983 2.7201675998688892 0.5144395337815064
4.471952522019772 2.759778190339455 0.5251746299612957
4.408776154414697 2.7978944261440457 0.5358267949789967
4.344794129326298 2.834497278286563 0.5463943467342691
4.280043638000316 2.869568633574333 0.556875616488188
4.214562294411555 2.903091305268287 0.5672689491267565
4.14838811202465 2.9350490431544287 0.5775727034222676
4.0815594803123165 2.965426543030357 0.5877852522924731
4.014115141045817 2.9942094556009584 0.5979049830575188
3.946094164372578 3.0213843947777903 0.6079302976946054
3.8775359246959304 3.046938945377019 0.6178596130903343
3.808480076372159 3.070861670211184 0.6276913612907006
3.7389665292401 3.0931421165704114 0.6374239897486897
3.6690354239986562 3.1137708220891143 0.6470559615694443
3.5987271074476985 3.132739319994585 0.6565857557529565
3.5280821076078857 3.1500401437342727 0.6660118674342517
3.457141108735031 3.1656668309789557 0.6753328081210245
3.3859449262446955 3.179613926999368 0.6845471059286887
3.3145344815627427 3.191876987414278 0.693653305812805
3.242950776917667 3.2024525803083894 0.7026499697988492
3.1712348700904673 3.2113382877188252 0.7115356772092853
3.0994278491379683 3.21853270648938 0.7203090248879069
3.027570807105405 3.2240354484920903 0.7289686274214116
2.955704816744167 3.2278471402161055 0.7375131173581739
2.883870905250548 3.229969421724203 0.7459411454241821
2.8121100290413614 3.2304049449777317 0.7542513807361038
2.7404630485822357 3.2291573715311186 0.7624425110114479
2.6689707032843786 3.2262313695975116 0.7705132427757893
2.597673586485564 3.2216326104875073 0.7784623015670235
2.5266121205310226 3.215367764423304 0.7862884321366189
2.455826531969863 3.2074444957310195 0.7939903986478353
2.3853568268825787 3.1978714574143163 0.8015669848708765
2.315242766355104 3.186658285112831 0.8090169943749475
2.2455238421148005 3.173815590449345 0.8163392507171839
2.176239252343629 3.1593549537699572 0.8235325976284275
2.107427877683685 3.1432889162819575 0.8305958991958127
2.039128257450112 3.1256309715944357 0.8375280400421418
1.9713785660663146 3.1063955566670636 0.8443279255020151
1.904216589736215 3.0855980421728515 0.8509944817946918
1.8376797033681749 3.0632547222810356 0.8575266561936523
1.7718048477650323 3.0393828038666495 0.8639234171928353
1.7066285070945253 3.0140003951536563 0.8701837546695257
1.6421866866542238 2.9871264937989013 0.8763066800438636
1.5785148909448623 2.9587809744244846 0.8822912264349533
1.5156481020658183 2.928984575606504 0.8881364488135446
1.4536207584462348 2.897758886328455 0.8938414241512638
1.3924667339250965 2.865126331907918 0.8994052515663711
1.3322193171933485 2.831110159405493 0.9048270524660196
1.2729111916108926 2.795734422525255 0.9101059706849958
1.2145744154111018 2.7590239660163522 0.9152411726209175
1.1572404023051894 2.721004409585637 0.9202318473658704
1.1009399024985878 2.681702131331581 0.925077206834458
1.0457029841311487 2.6411442507099725 0.9297764858882515
0.9915590151527955 2.5993586110422413 0.934328942456612
0.9385366456458971 2.5563737615774844 0.9387338576538741
0.8866637906054281 2.5122189391196152 0.9429905358928644
0.8359676131876209 2.466924049231258 0.9470983049947443
0.7864745084375789 2.4205196470263366 0.9510565162951535
0.7382100875059661 2.3730369175635335 0.954864544746643
0.691199162364622 2.324507655853049 0.9585217890173758
0.6454657310305953 2.2749642464893247 0.9620276715860859
0.601032963307809 2.2244396429226767 0.9653816388332739
0.5579231870551956 2.1729673463829187 0.9685831611286311
0.5161578749898637 2.1205813844683936 0.9716317329146739
0.4757576320334535 2.067316289413909 0.9745268727865771
0.43674218320956504 2.013207076051403 0.9772681235681935
0.39913036209973113 1.9582892194772528 0.9798550523842469
0.3629400998650958 1.902598632440383 0.9822872507286887
0.3281884148405908 1.846171642465498 0.9845643345292053
0.2948914027080226 1.7890449687258914 0.986685944207868
0.2630642272541497 1.7312556986805014 0.9886517447379141
0.23272111171942314 1.672841264489964 0.9904614256966512
0.20387533074272648 1.613839419226615 0.9921147013144779
0.17653920290703862 1.554288212893461 0.9936113105200084
0.15072408389059777 1.4942259682673178 0.9949510169813002
0.1264403602277296 1.4336912565813622 0.9961336091431725
0.10369744368314775 1.3727228730625067 0.9971589002606139
8.250376624311868e-2 1.3113598123390318 0.9980267284282716
6.286677572651923e-2 1.249641243734055 0.9987369566060175
4.4792932018399616e-2 1.1876064864604206 0.9992894726405892
2.8287703928293804e-2 1.1252949847327243 0.9996841892832999
1.335556667510259e-2 1.0627462828121597 0.9999210442038161
6.123233995736767e-17 1.0000000000000002 1.0
-1.1776513091602605e-2 0.9370958055954722 0.9999210442038161
-2.197248695838117e-2 0.8740733938338764 0.9996841892832999
-3.0587433321469393e-2 0.8109724588207572 0.9992894726405892
-3.762186063302002e-2 0.7478326694779796 0.9987369566060175
-4.307727281550796e-2 0.6846936445175108 0.9980267284282716
-4.695616737271777e-2 0.6215949274587207 0.9971589002606139
-4.9262032873756634e-2 0.5585759617049824 0.9961336091431725
-4.999934581183205e-2 0.495676065695282 0.9949510169813002
-4.917356683992456e-2 0.4329344081465554 0.9936113105200084
-4.679113638588201e-2 0.3703899834023402 0.9921147013144778
-4.28594696498528e-2 0.30808158690333826 0.9904614256966512
-3.738695098736441e-2 0.2460477907953263 0.988651744737914
-3.0382927681744325e-2 0.18432691968984444 0.986685944207868
-2.1857703109961185e-2 0.12295702659291224 0.9845643345292053
-1.1822529306353165e-2 6.197586901699393e-2 0.9822872507286887
-2.895989290827672e-4 1.4208852912403435e-3 0.9798550523842469
1.272796336545609e-2 -5.86708289150166e-2 0.9772681235681935
2.7216110134691305e-2 -0.11826254384075545 0.9745268727865771
4.315988094241396e-2 -0.17731791863904559 0.971631732914674
6.0543412725486336e-2 -0.23580102412565737 0.9685831611286311
7.934995072801466e-2 -0.2936763652561279 0.9653816388332739
9.95618599959452e-2 -0.35090890331715363 0.9620276715860859
0.12116063742466947 -0.4074640778182965 0.958521789017376
0.14412692435189667 -0.4633078280702487 0.954864544746643
0.16844051968768428 -0.5184066144360298 0.9510565162951535
0.1940803935732023 -0.5727274392417695 0.9470983049947442
0.22102470155945517 -0.6262378673338875 0.9429905358928644
0.2492507992968633 -0.6789060462697368 0.9387338576538741
0.2787352577262942 -0.7307007261290175 0.934328942456612
0.30945387876179326 -0.7815912789334702 0.9297764858882513
0.34138171145498586 -0.8315477176626656 0.925077206834458
0.37449306863078524 -0.8805407148538971 0.9202318473658704
0.40876154398377657 -0.9285416207745177 0.9152411726209175
0.44416002962432477 -0.9755224811552639 0.9101059706849957
0.48066073406320325 -1.0214560544734537 0.9048270524660195
0.518235200623232 -1.0663158287751773 0.899405251566371
0.55685432626617 -1.1100760380259271 0.8938414241512639
0.596488380822843 -1.152711677979415 0.8881364488135446
0.6371070266141976 -1.1941985215545785 0.8822912264349533
0.6786793384507936 -1.2345131337111745 0.8763066800438635
0.7211738239979418 -1.2736328858146044 0.8701837546695257
0.7645584444935101 -1.3115359694809787 0.8639234171928354
0.8088006358051624 -1.3482014098937312 0.8575266561936522
0.8538673298136241 -1.3836090785834678 0.8509944817946917
0.899724976108321 -1.4177397056630332 0.8443279255020152
0.946339563981574 -1.450574891510152 0.8375280400421418
0.9936766447073097 -1.482097117890333 0.8305958991958127
1.0417013540901174 -1.512289758513103 0.8235325976284273
1.090378435270267 -1.541137089014978 0.8163392507171838
1.1396722617701578 -1.568624296362936 0.8090169943749475
1.189546860767541 -1.594737487672563 0.8015669848708765
1.2399659365806528 -1.6194636984353497 0.7939903986478353
1.290892894350355 -1.6427909001500667 0.7862884321366188
1.3422908639041624 -1.66470800735346 0.7784623015670235
1.3941227237869989 -1.6852048840459326 0.7705132427757893
1.4463511254433474 -1.7042723495082226 0.7624425110114478
1.4989385175354497 -1.7219021835055248 0.7542513807361036
1.5518471703820438 -1.738087130875839 0.7459411454241822
1.6050392005021177 -1.7528209054997574 0.7375131173581739
1.6584765952480283 -1.7660981936492675 0.7289686274214114
1.7121212375123598 -1.7779146567135664 0.7203090248879067
1.7659349304927687 -1.788266933300255 0.7115356772092855
1.8198794224990964 -1.7971526407106913 0.7026499697988492
1.87391643178693 -1.8045703757886684 0.6936533058128049
1.9280076714018728 -1.8105197151419903 0.6845471059286885
1.9821148740186834 -1.8150012147369068 0.6753328081210246
2.036199816759522 -1.8180164088657695 0.6660118674342517
2.090224345975492 -1.8195678084886717 0.6565857557529564
2.144150401975762 -1.819658898950226 0.6470559615694442
2.1979400436885235 -1.818294137073032 0.6374239897486895
2.2515554732381124 -1.815478947629783 0.6276913612907006
2.304959060422693 -1.8112197191963504 0.6178596130903343
2.3581133670769074 -1.8055237993885793 0.6079302976946053
2.410981171304065 -1.798399489485921 0.5979049830575187
2.4635254915624203 -1.7898560384454107 0.5877852522924732
2.515709610590282 -1.7799036363098935 0.5775727034222676
2.5674970991546995 -1.7685534070147733 0.5672689491267564
2.6188518396086913 -1.7558174005979572 0.5568756164881878
2.6697380492420146 -1.7417085848180252 0.5463943467342692
2.720120303410667 -1.7262408361860524 0.5358267949789967
2.7699635584303897 -1.7094289304168637 0.5251746299612956
2.8192331742196797 -1.6912885323058764 0.5144395337815063
2.867894936677893 -1.6718361850380534 0.5036232016357609
2.915915079784241 -1.6510892989358394 0.4927273415482916
2.9632603074036283 -1.6290661396533224 0.4817536741017152
3.0098978147855173 -1.6057858158241987 0.4707039321653324
3.0557953097421238 -1.5812682661714723 0.459579860621488
3.1009210334925332 -1.555534246087159 0.4483832160900323
3.1452437811594653 -1.5286053136906144 0.4371157666509329
3.1887329219057055 -1.5005038153744001 0.4257792915650725
3.231358418697396 -1.4712528708469748 0.4143755809932839
3.2730908476816434 -1.4408763576817722 0.40290643571366275
3.313901417166142 -1.4093988953825647 0.39137366683720237
3.353761986188756 -1.3768458289753216 0.379779095521801
3.3926450826652776 -1.343243212137043 0.36812455268467775
3.430523921103843 -1.3086177898723785 0.3564118787132508
3.4673724198747453 -1.2729969807490935 0.34464292317451706
3.5031652180246944 -1.236408858703764 0.3328195445229865
3.537877691624845 -1.1988821344293032 0.32094360980720926
3.5714859696422145 -1.1604461363562355 0.3090169943749475
3.603966949324425 -1.1211307912398563 0.2970415815770349
3.6352983110879786 -1.0809666043656962 0.28501926246997605
3.665458532900644 -1.0399846393859133 0.27295193551732505
3.6944269041488145 -0.9982164977995057 0.26084150628989705
3.7221835389810276 -0.9556942980894335 0.24868988716485482
3.748709389119188 -0.9124506545299947 0.2364989970237246
3.7739862561293513 -0.8685186556779505 0.224270760949381
3.797996803144296 -0.8239318425611564 0.2120071099220548
3.820724566030429 -0.7787241865785992 0.19970998051440705
3.8421539639919398 -0.73293006712597 0.18738131458572457
3.86227030960548 -0.6865842489610159 0.17502305897527587
3.881059818278993 -0.6397218593231391 0.16263716519488333
3.898509617128693 -0.5923783648218305 0.15022558912075712
3.9146077532685637 -0.5445895481086749 0.13779029068463802
3.9293432015071006 -0.49639148434783215 0.1253332335643041
3.9427058714464343 -0.44782051749997026 0.11285638487348143
3.954686613979317 -0.398913236434803 0.10036171485121498
3.9652772271798415 -0.3497064508874469 8.785119655074315e-2
3.974470461584171 -0.3002371672739594 7.53268055279326e-2
3.9822600248579234 -0.2505425643814463 6.279051952931314e-2
3.9886405858472322 -0.20065996894826804 5.024431817976966e-2
3.993607778010945 -0.15062683114989722 3.7690182669934534e-2
3.997158202231744 -0.10048070000608599 2.513009544333737e-2
3.9992894290044334 -5.0259198724990226e-2 1.2566039883352392e-2
4.0 -4.898587196589413e-16 1.2246467991473532e-16
3.9992894290044334 5.025919872499102e-2 -1.2566039883352592e-2
3.997158202231744 0.10048070000608678 -2.513009544333757e-2
3.993607778010945 0.15062683114989803 -3.7690182669934735e-2
3.9886405858472322 0.20065996894826707 -5.024431817976942e-2
3.9822600248579234 0.2505425643814471 -6.279051952931335e-2
3.974470461584171 0.30023716727396016 -7.532680552793279e-2
3.9652772271798415 0.3497064508874477 -8.785119655074335e-2
3.954686613979317 0.39891323643480375 -0.10036171485121517
3.9427058714464343 0.4478205174999711 -0.11285638487348164
3.9293432015071006 0.4963914843478329 -0.12533323356430429
3.9146077532685637 0.5445895481086757 -0.13779029068463822
3.898509617128693 0.5923783648218311 -0.1502255891207573
3.8810598182789926 0.6397218593231399 -0.16263716519488353
3.8622703096054796 0.6865842489610168 -0.1750230589752761
3.8421539639919393 0.7329300671259708 -0.18738131458572477
3.820724566030429 0.7787241865785999 -0.19970998051440725
3.797996803144296 0.8239318425611554 -0.21200710992205454
3.77398625612935 0.8685186556779511 -0.2242707609493812
3.7487093891191865 0.9124506545299953 -0.2364989970237248
3.7221835389810276 0.9556942980894342 -0.24868988716485502
3.6944269041488145 0.9982164977995048 -0.26084150628989683
3.665458532900644 1.039984639385914 -0.2729519355173252
3.635298311087978 1.080966604365697 -0.2850192624699762
3.603966949324425 1.121130791239857 -0.2970415815770351
3.5714859696422154 1.160446136356235 -0.3090169943749473
3.537877691624845 1.1988821344293041 -0.3209436098072095
3.503165218024694 1.236408858703765 -0.33281954452298673
3.4673724198747453 1.2729969807490942 -0.3446429231745172
3.4305239211038425 1.3086177898723792 -0.356411878713251
3.3926450826652776 1.3432432121370437 -0.3681245526846779
3.3537619861887555 1.3768458289753223 -0.37977909552180117
3.3139014171661416 1.4093988953825654 -0.3913736668372026
3.273090847681642 1.4408763576817727 -0.4029064357136629
3.2313584186973947 1.471252870846975 -0.4143755809932841
3.1887329219057046 1.5005038153744004 -0.42577929156507266
3.145243781159464 1.5286053136906146 -0.43711576665093305
3.100921033492533 1.5555342460871597 -0.44838321609003245
3.055795309742125 1.5812682661714719 -0.45957986062148776
3.009897814785517 1.605785815824199 -0.4707039321653326
2.963260307403627 1.6290661396533226 -0.4817536741017154
2.9159150797842397 1.6510892989358394 -0.4927273415482918
2.8678949366778945 1.6718361850380534 -0.5036232016357608
2.8192331742196783 1.6912885323058764 -0.5144395337815064
2.7699635584303888 1.709428930416864 -0.5251746299612958
2.7201203034106656 1.7262408361860524 -0.5358267949789968
2.669738049242015 1.7417085848180245 -0.546394346734269
2.6188518396086904 1.755817400597957 -0.556875616488188
2.567497099154698 1.7685534070147733 -0.5672689491267565
2.515709610590282 1.779903636309894 -0.5775727034222677
2.46352549156242 1.789856038445411 -0.5877852522924734
2.4109811713040643 1.7983994894859208 -0.5979049830575188
2.3581133670769066 1.8055237993885793 -0.6079302976946055
2.3049590604226924 1.8112197191963504 -0.6178596130903344
2.2515554732381116 1.815478947629783 -0.6276913612907007
2.197940043688522 1.8182941370730317 -0.6374239897486896
2.1441504019757613 1.819658898950226 -0.6470559615694443
2.090224345975491 1.8195678084886717 -0.6565857557529565
2.036199816759521 1.8180164088657695 -0.6660118674342518
1.982114874018684 1.8150012147369066 -0.6753328081210244
1.9280076714018723 1.8105197151419907 -0.6845471059286887
1.873916431786929 1.804570375788668 -0.693653305812805
1.8198794224990948 1.7971526407106908 -0.7026499697988494
1.7659349304927698 1.788266933300255 -0.7115356772092852
1.7121212375123582 1.777914656713566 -0.7203090248879069
1.6584765952480276 1.7660981936492672 -0.7289686274214116
1.6050392005021166 1.752820905499757 -0.737513117358174
1.5518471703820444 1.738087130875839 -0.7459411454241821
1.4989385175354482 1.721902183505524 -0.7542513807361038
1.4463511254433463 1.7042723495082222 -0.7624425110114479
1.3941227237869975 1.685204884045932 -0.7705132427757894
1.3422908639041615 1.6647080073534595 -0.7784623015670236
1.2908928943503521 1.6427909001500651 -0.7862884321366191
1.2399659365806501 1.6194636984353483 -0.7939903986478356
1.1895468607675417 1.5947374876725635 -0.8015669848708764
1.139672261770159 1.5686242963629369 -0.8090169943749473
1.090378435270266 1.5411370890149774 -0.8163392507171839
1.041701354090116 1.512289758513102 -0.8235325976284275
0.9936766447073085 1.482097117890332 -0.8305958991958128
0.9463395639815736 1.450574891510152 -0.8375280400421419
0.8997249761083206 1.417739705663033 -0.8443279255020153
0.8538673298136219 1.3836090785834663 -0.8509944817946921
0.8088006358051635 1.348201409893732 -0.8575266561936521
0.7645584444935111 1.3115359694809794 -0.8639234171928352
0.7211738239979428 1.2736328858146053 -0.8701837546695256
0.6786793384507932 1.2345131337111743 -0.8763066800438636
0.637107026614197 1.1941985215545778 -0.8822912264349534
0.5964883808228425 1.1527116779794147 -0.8881364488135446
0.5568543262661695 1.1100760380259262 -0.8938414241512639
0.5182352006232299 1.0663158287751746 -0.8994052515663712
0.4806607340632041 1.0214560544734548 -0.9048270524660194
0.44416002962432555 0.9755224811552649 -0.9101059706849955
0.4087615439837766 0.9285416207745177 -0.9152411726209175
0.37449306863078524 0.8805407148538971 -0.9202318473658704
0.34138171145498536 0.8315477176626647 -0.925077206834458
0.30945387876179287 0.7815912789334697 -0.9297764858882515
0.2787352577262932 0.7307007261290157 -0.9343289424566121
0.24925079929686234 0.678906046269735 -0.9387338576538742
0.22102470155945372 0.6262378673338846 -0.9429905358928646
0.1940803935732028 0.5727274392417705 -0.9470983049947442
0.16844051968768428 0.5184066144360298 -0.9510565162951535
0.14412692435189667 0.4633078280702487 -0.954864544746643
0.12116063742466955 0.40746407781829674 -0.958521789017376
9.956185999594491e-2 0.3509089033171528 -0.9620276715860859
7.934995072801437e-2 0.29367636525612706 -0.965381638833274
6.054341272548574e-2 0.23580102412565546 -0.9685831611286312
4.315988094241336e-2 0.17731791863904345 -0.9716317329146741
2.7216110134691635e-2 0.11826254384075674 -0.9745268727865771
1.2727963365456387e-2 5.867082891501789e-2 -0.9772681235681934
-2.895989290827672e-4 -1.4208852912403435e-3 -0.9798550523842469
-1.1822529306353146e-2 -6.197586901699382e-2 -0.9822872507286887
-2.1857703109961338e-2 -0.12295702659291324 -0.9845643345292054
-3.038292768174445e-2 -0.18432691968984544 -0.9866859442078681
-3.738695098736462e-2 -0.2460477907953284 -0.9886517447379141
-4.2859469649852946e-2 -0.30808158690334025 -0.9904614256966513
-4.679113638588218e-2 -0.37038998340234347 -0.9921147013144779
-4.917356683992453e-2 -0.43293440814655426 -0.9936113105200084
-4.9999345811832054e-2 -0.4956760656952819 -0.9949510169813002
-4.9262032873756634e-2 -0.5585759617049822 -0.9961336091431725
-4.6956167372717725e-2 -0.6215949274587217 -0.9971589002606139
-4.307727281550789e-2 -0.6846936445175118 -0.9980267284282716
-3.762186063301981e-2 -0.7478326694779815 -0.9987369566060175
-3.0587433321469126e-2 -0.8109724588207594 -0.9992894726405893
-2.1972486958380857e-2 -0.8740733938338787 -0.9996841892833
-1.1776513091602818e-2 -0.937095805595471 -0.9999210442038161
-1.836970198721028e-16 -0.9999999999999991 -1.0
1.3355566675102563e-2 -1.0627462828121594 -0.9999210442038161
2.828770392829377e-2 -1.125294984732724 -0.9996841892832999
4.479293201839989e-2 -1.1876064864604217 -0.9992894726405892
6.286677572651954e-2 -1.249641243734056 -0.9987369566060175
8.250376624311936e-2 -1.311359812339034 -0.9980267284282716
0.1036974436831485 -1.3727228730625087 -0.9971589002606139
0.1264403602277291 -1.4336912565813609 -0.9961336091431725
0.1507240838905973 -1.4942259682673167 -0.9949510169813002
0.17653920290703856 -1.5542882128934608 -0.9936113105200084
0.20387533074272643 -1.613839419226615 -0.9921147013144779
0.23272111171942358 -1.6728412644899648 -0.9904614256966512
0.2630642272541502 -1.731255698680502 -0.988651744737914
0.2948914027080237 -1.7890449687258934 -0.986685944207868
0.32818841484059197 -1.8461716424655 -0.9845643345292053
0.36294009986509757 -1.9025986324403859 -0.9822872507286886
0.39913036209973035 -1.9582892194772517 -0.979855052384247
0.436742183209565 -2.013207076051403 -0.9772681235681935
0.47575763203345345 -2.067316289413909 -0.9745268727865771
0.5161578749898635 -2.120581384468394 -0.971631732914674
0.5579231870551963 -2.1729673463829196 -0.9685831611286311
0.6010329633078096 -2.224439642922677 -0.9653816388332738
0.645465731030597 -2.274964246489327 -0.9620276715860858
0.6911991623646236 -2.32450765585305 -0.9585217890173757
0.7382100875059653 -2.373036917563533 -0.9548645447466431
0.7864745084375782 -2.4205196470263357 -0.9510565162951536
0.8359676131876209 -2.466924049231258 -0.9470983049947443
0.8866637906054281 -2.5122189391196152 -0.9429905358928644
0.9385366456458979 -2.5563737615774853 -0.9387338576538741
0.9915590151527963 -2.5993586110422418 -0.934328942456612
1.0457029841311505 -2.6411442507099743 -0.9297764858882512
1.1009399024985895 -2.6817021313315825 -0.9250772068344579
1.1572404023051925 -2.72100440958564 -0.9202318473658702
1.2145744154111004 -2.7590239660163514 -0.9152411726209176
1.2729111916108926 -2.795734422525255 -0.9101059706849958
1.332219317193348 -2.8311101594054926 -0.9048270524660196
1.3924667339250973 -2.8651263319079185 -0.899405251566371
1.4536207584462357 -2.8977588863284556 -0.8938414241512637
1.5156481020658203 -2.928984575606505 -0.8881364488135444
1.5785148909448645 -2.9587809744244855 -0.8822912264349531
1.6421866866542263 -2.9871264937989026 -0.8763066800438634
1.7066285070945242 -3.014000395153656 -0.8701837546695258
1.771804847765031 -3.039382803866649 -0.8639234171928354
1.8376797033681749 -3.0632547222810356 -0.8575266561936523
1.904216589736215 -3.0855980421728515 -0.8509944817946918
1.971378566066316 -3.106395556667064 -0.844327925502015
2.039128257450114 -3.1256309715944357 -0.8375280400421415
2.107427877683687 -3.1432889162819584 -0.8305958991958124
2.176239252343632 -3.159354953769958 -0.8235325976284271
2.2455238421147987 -3.1738155904493444 -0.8163392507171842
2.315242766355103 -3.186658285112831 -0.8090169943749476
2.385356826882578 -3.1978714574143163 -0.8015669848708766
2.455826531969863 -3.2074444957310195 -0.7939903986478353
2.526612120531023 -3.2153677644233034 -0.7862884321366188
2.5976735864855653 -3.2216326104875077 -0.7784623015670233
2.6689707032843804 -3.226231369597511 -0.770513242775789
2.740463048582238 -3.2291573715311177 -0.7624425110114476
2.8121100290413645 -3.2304049449777317 -0.7542513807361034
2.883870905250546 -3.2299694217242036 -0.7459411454241823
2.955704816744166 -3.2278471402161055 -0.737513117358174
3.027570807105405 -3.2240354484920903 -0.7289686274214116
3.099427849137969 -3.21853270648938 -0.7203090248879068
3.1712348700904687 -3.2113382877188257 -0.7115356772092852
3.242950776917669 -3.2024525803083894 -0.702649969798849
3.3145344815627453 -3.1918769874142776 -0.6936533058128047
3.385944926244698 -3.1796139269993673 -0.6845471059286883
3.4571411087350303 -3.165666830978956 -0.6753328081210247
3.528082107607885 -3.150040143734273 -0.6660118674342518
3.5987271074476985 -3.132739319994585 -0.6565857557529565
3.6690354239986576 -3.113770822089115 -0.6470559615694443
3.738966529240102 -3.0931421165704114 -0.6374239897486896
3.808480076372161 -3.0708616702111833 -0.6276913612907002
3.8775359246959327 -3.046938945377019 -0.6178596130903341
3.94609416437258 -3.0213843947777894 -0.607930297694605
4.014115141045819 -2.9942094556009566 -0.5979049830575184
4.081559480312315 -2.965426543030358 -0.5877852522924734
4.14838811202465 -2.935049043154429 -0.5775727034222677
4.214562294411555 -2.903091305268287 -0.5672689491267565
4.280043638000316 -2.869568633574333 -0.556875616488188
4.3447941293263 -2.8344972782865625 -0.5463943467342689
4.408776154414698 -2.7978944261440444 -0.5358267949789963
4.471952522019774 -2.759778190339454 -0.5251746299612954
4.5342864866069865 -2.720167599868888 -0.514439533781506
4.595741771063563 -2.6790825883095755 -0.503623201635761
4.656282589123291 -2.6365439820324226 -0.4927273415482917
4.715873667491356 -2.5925734878567535 -0.4817536741017153
4.774480267655424 -2.547193680154864 -0.4707039321653325
4.832068207369215 -2.5004279874144473 -0.4595798606214877
4.8886038817950626 -2.4523006782672225 -0.448383216090032
4.944054284292209 -2.4028368469924786 -0.43711576665093255
4.9983870268377455 -2.3520623985045437 -0.4257792915650722
5.051570360067386 -2.300004032833545 -0.4143755809932844
5.103573192923478 -2.2466892291090983 -0.40290643571366286
5.154365111897882 -2.19214622905697 -0.3913736668372025
5.203916399857672 -2.1364040200189245 -0.3797790955218011
5.252198054441781 -2.079492317506399 -0.36812455268467786
5.299181806017068 -2.0214415472988785 -0.3564118787132505
5.344840135182495 -1.962282827098126 -0.3446429231745167
5.389146289810425 -1.9020479477497358 -0.33281954452298623
5.4320743016143345 -1.8407693540437202 -0.320943609807209
5.473599002232522 -1.7784801251061313 -0.3090169943749476
5.513696038817711 -1.7152139543939267 -0.29704158157703503
5.552341889122729 -1.6510051293056491 -0.28501926246997616
5.589513876072816 -1.585888510420564 -0.27295193551732516
5.625190181815363 -1.519899510379298 -0.2608415062898968
5.659349861238291 -1.4530740724191413 -0.2486898871648545
5.691972854948537 -1.3854486485774422 -0.2364989970237243
5.723040001702506 -1.3170601775767108 -0.2242707609493807
5.7525330502806815 -1.2479460624052663 -0.2120071099220549
5.780434670798923 -1.1781441476074141 -0.1997099805144072
5.806728465449317 -1.1076926962974198 -0.18738131458572468
5.8313989786638905 -1.0366303669115684 -0.175023058975276
5.854431706694729 -0.9649961897129065 -0.16263716519488344
5.8758131066045225 -0.8928295430633428 -0.1502255891207568
5.895530604661866 -0.820170129477949 -0.1377902906846377
5.913572604136056 -0.7470579514764385 -0.1253332335643038
5.929928492486453 -0.6735332872469313 -0.11285638487348111
5.944588647941917 -0.5996366661372337 -0.10036171485121509
5.957544445466187 -0.525408843988934 -8.785119655074328e-2
5.968788262105399 -0.4508907783298253 -7.532680552793272e-2
5.9783134817144665 -0.37612360344007334 -6.279051952931326e-2
5.986114499059267 -0.30114860530780546 -5.024431817976934e-2
5.992186723292123 -0.2260071964897644 -3.7690182669934215e-2
5.996526580798344 -0.1507408908927588 -2.513009544333705e-2
5.999131517412065 -7.539127849169308e-2 -1.2566039883352071e-2
