6.0 5.0 0.0
5.926130043570827 4.938441702975689 0.0
5.706339097770921 4.755282581475767 0.0
5.346039145130208 4.455032620941839 0.0
4.854101966249685 4.045084971874737 0.0
4.242640687119286 3.5355339059327378 0.0
3.526711513754839 2.938926261462366 0.0
2.723942998437281 2.269952498697734 0.0
1.8541019662496847 1.5450849718747373 0.0
0.9386067902413855 0.7821723252011547 0.0
3.6739403974420594e-16 3.061616997868383e-16 0.0
-0.9386067902413848 -0.7821723252011541 0.0
-1.854101966249684 -1.5450849718747368 0.0
-2.72394299843728 -2.2699524986977333 0.0
-3.5267115137548384 -2.938926261462365 0.0
-4.242640687119285 -3.5355339059327373 0.0
-4.854101966249684 -4.045084971874736 0.0
-5.346039145130207 -4.455032620941839 0.0
-5.706339097770921 -4.755282581475767 0.0
-5.926130043570826 -4.938441702975688 0.0
-6.0 -5.0 0.0
-5.926130043570827 -4.938441702975689 0.0
-5.706339097770922 -4.755282581475768 0.0
-5.346039145130208 -4.455032620941839 0.0
-4.854101966249686 -4.045084971874738 0.0
-4.242640687119286 -3.5355339059327386 0.0
-3.5267115137548393 -2.9389262614623664 0.0
-2.7239429984372814 -2.2699524986977346 0.0
-1.8541019662496854 -1.5450849718747377 0.0
-0.9386067902413862 -0.7821723252011552 0.0
-1.102182119232618e-15 -9.184850993605148e-16 0.0
0.938606790241384 0.7821723252011534 0.0
1.8541019662496834 1.5450849718747361 0.0
2.7239429984372796 2.2699524986977333 0.0
3.5267115137548375 2.9389262614623646 0.0
4.242640687119284 3.535533905932737 0.0
4.854101966249684 4.045084971874736 0.0
5.346039145130207 4.455032620941839 0.0
5.706339097770921 4.755282581475767 0.0
5.926130043570826 4.938441702975688 0.0
5.987688340595138 5.156434465040231 0.15643446504023087
5.913969961123266 5.092950200163163 0.15643446504023087
5.6946300138675205 4.904060598825426 0.15643446504023087
5.33506937627689 4.594416749900603 0.15643446504023087
4.844141624562195 4.171643112598238 0.15643446504023087
4.233935029266449 3.6461497769739752 0.15643446504023087
3.5194749019254132 3.030876132963276 0.15643446504023087
2.7183536220314446 2.3409722596578373 0.15643446504023087
1.8502974542646262 1.5934258800781222 0.15643446504023087
0.9366808223886285 0.8066440670535779 0.15643446504023087
3.6664016803008815e-16 3.157405481312307e-16 0.15643446504023087
-0.9366808223886278 -0.8066440670535773 0.15643446504023087
-1.8502974542646256 -1.5934258800781218 0.15643446504023087
-2.7183536220314437 -2.340972259657837 0.15643446504023087
-3.5194749019254123 -3.0308761329632756 0.15643446504023087
-4.233935029266448 -3.646149776973975 0.15643446504023087
-4.844141624562194 -4.171643112598237 0.15643446504023087
-5.3350693762768895 -4.594416749900602 0.15643446504023087
-5.6946300138675205 -4.904060598825426 0.15643446504023087
-5.913969961123265 -5.092950200163163 0.15643446504023087
-5.987688340595138 -5.156434465040231 0.15643446504023087
-5.913969961123266 -5.092950200163163 0.15643446504023087
-5.694630013867521 -4.904060598825427 0.15643446504023087
-5.33506937627689 -4.594416749900603 0.15643446504023087
-4.844141624562196 -4.171643112598239 0.15643446504023087
-4.2339350292664495 -3.6461497769739757 0.15643446504023087
-3.5194749019254137 -3.0308761329632765 0.15643446504023087
-2.718353622031445 -2.3409722596578377 0.15643446504023087
-1.8502974542646269 -1.593425880078123 0.15643446504023087
-0.9366808223886292 -0.8066440670535785 0.15643446504023087
-1.0999205040902643e-15 -9.472216443936919e-16 0.15643446504023087
0.9366808223886269 0.8066440670535766 0.15643446504023087
1.8502974542646249 1.5934258800781211 0.15643446504023087
2.7183536220314437 2.3409722596578364 0.15643446504023087
3.519474901925412 3.0308761329632747 0.15643446504023087
4.233935029266447 3.646149776973974 0.15643446504023087
4.844141624562194 4.171643112598237 0.15643446504023087
5.3350693762768895 4.594416749900602 0.15643446504023087
5.6946300138675205 4.904060598825426 0.15643446504023087
5.913969961123265 5.092950200163163 0.15643446504023087
5.951056516295154 5.3090169943749475 0.3090169943749474
5.877789135367442 5.243654185365577 0.3090169943749474
5.6597910786632415 5.049175207622004 0.3090169943749474
5.302430181832682 4.730368779014998 0.3090169943749474
4.814505856168551 4.295084971874737 0.3090169943749474
4.208032417896695 3.7540419181571485 0.3090169943749474
3.4979432558373134 3.120561893463706 0.3090169943749474
2.7017231218111233 2.4102432784020293 0.3090169943749474
1.838977598020974 1.6405764746872635 0.3090169943749474
0.9309503425508127 0.8305132334045395 0.3090169943749474
3.6439711571129294e-16 3.2508353343900905e-16 0.3090169943749474
-0.930950342550812 -0.830513233404539 0.3090169943749474
-1.8389775980209733 -1.6405764746872629 0.3090169943749474
-2.7017231218111224 -2.4102432784020285 0.3090169943749474
-3.4979432558373125 -3.120561893463705 0.3090169943749474
-4.208032417896694 -3.754041918157148 0.3090169943749474
-4.81450585616855 -4.295084971874736 0.3090169943749474
-5.3024301818326816 -4.730368779014997 0.3090169943749474
-5.6597910786632415 -5.049175207622004 0.3090169943749474
-5.877789135367441 -5.243654185365577 0.3090169943749474
-5.951056516295154 -5.3090169943749475 0.3090169943749474
-5.877789135367442 -5.243654185365577 0.3090169943749474
-5.659791078663242 -5.049175207622005 0.3090169943749474
-5.302430181832682 -4.730368779014998 0.3090169943749474
-4.814505856168552 -4.295084971874738 0.3090169943749474
-4.208032417896696 -3.754041918157149 0.3090169943749474
-3.497943255837314 -3.1205618934637065 0.3090169943749474
-2.7017231218111237 -2.41024327840203 0.3090169943749474
-1.8389775980209746 -1.6405764746872642 0.3090169943749474
-0.9309503425508133 -0.8305132334045402 0.3090169943749474
-1.0931913471338787e-15 -9.752506003170271e-16 0.3090169943749474
0.9309503425508112 0.8305132334045382 0.3090169943749474
1.8389775980209726 1.6405764746872624 0.3090169943749474
2.7017231218111224 2.4102432784020285 0.3090169943749474
3.497943255837312 3.1205618934637047 0.3090169943749474
4.208032417896694 3.754041918157147 0.3090169943749474
4.81450585616855 4.295084971874736 0.3090169943749474
5.3024301818326816 4.730368779014997 0.3090169943749474
5.6597910786632415 5.049175207622004 0.3090169943749474
5.877789135367441 5.243654185365577 0.3090169943749474
5.891006524188368 5.453990499739547 0.45399049973954675
5.818478458310739 5.386842826309399 0.45399049973954675
5.60268014236661 5.187053204589157 0.45399049973954675
5.248925247088076 4.8595411181293136 0.45399049973954675
4.76592439204208 4.412371001448806 0.45399049973954675
4.165570661267789 3.856553666892841 0.45399049973954675
3.462646756076665 3.205775181890161 0.45399049973954675
2.674460995885208 2.4760598725514975 0.45399049973954675
1.8204211299478956 1.6853757515790324 0.45399049973954675
0.9215564541599176 0.8531920861612577 0.45399049973954675
3.60720114180173e-16 3.3396060040430546e-16 0.45399049973954675
-0.9215564541599169 -0.8531920861612571 0.45399049973954675
-1.8204211299478952 -1.6853757515790317 0.45399049973954675
-2.6744609958852075 -2.4760598725514966 0.45399049973954675
-3.4626467560766647 -3.2057751818901603 0.45399049973954675
-4.165570661267788 -3.8565536668928404 0.45399049973954675
-4.765924392042079 -4.412371001448805 0.45399049973954675
-5.248925247088076 -4.859541118129313 0.45399049973954675
-5.60268014236661 -5.187053204589157 0.45399049973954675
-5.818478458310739 -5.386842826309398 0.45399049973954675
-5.891006524188368 -5.453990499739547 0.45399049973954675
-5.818478458310739 -5.386842826309399 0.45399049973954675
-5.602680142366611 -5.187053204589158 0.45399049973954675
-5.248925247088076 -4.8595411181293136 0.45399049973954675
-4.765924392042081 -4.412371001448807 0.45399049973954675
-4.16557066126779 -3.8565536668928417 0.45399049973954675
-3.462646756076666 -3.2057751818901616 0.45399049973954675
-2.6744609958852084 -2.476059872551498 0.45399049973954675
-1.8204211299478963 -1.6853757515790329 0.45399049973954675
-0.9215564541599183 -0.8531920861612583 0.45399049973954675
-1.082160342540519e-15 -1.0018818012129163e-15 0.45399049973954675
0.9215564541599162 0.8531920861612563 0.45399049973954675
1.8204211299478945 1.685375751579031 0.45399049973954675
2.674460995885207 2.4760598725514966 0.45399049973954675
3.462646756076664 3.20577518189016 0.45399049973954675
4.165570661267787 3.8565536668928395 0.45399049973954675
4.765924392042079 4.412371001448805 0.45399049973954675
5.248925247088076 4.859541118129313 0.45399049973954675
5.60268014236661 5.187053204589157 0.45399049973954675
5.818478458310739 5.386842826309398 0.45399049973954675
5.8090169943749475 5.587785252292473 0.5877852522924731
5.7374983556631465 5.518990343438737 0.5877852522924731
5.524703465769581 5.314299575850716 0.5877852522924731
5.175872041109182 4.978753115556139 0.5877852522924731
4.699593469062211 4.520613230022314 0.5877852522924731
4.1075953087504224 3.9511608437101913 0.5877852522924731
3.4144545196099423 3.284417764274892 0.5877852522924731
2.6372385282718027 2.5368014191255295 0.5877852522924731
1.7950849718747373 1.7267206038760776 0.5877852522924731
0.908730465924655 0.8741221967020648 0.5877852522924731
3.556997034176929e-16 3.4215316617713816e-16 0.5877852522924731
-0.9087304659246543 -0.8741221967020643 0.5877852522924731
-1.7950849718747366 -1.726720603876077 0.5877852522924731
-2.637238528271802 -2.536801419125529 0.5877852522924731
-3.414454519609942 -3.2844177642748913 0.5877852522924731
-4.107595308750422 -3.951160843710191 0.5877852522924731
-4.6995934690622105 -4.520613230022313 0.5877852522924731
-5.175872041109181 -4.978753115556138 0.5877852522924731
-5.524703465769581 -5.314299575850716 0.5877852522924731
-5.737498355663146 -5.518990343438736 0.5877852522924731
-5.8090169943749475 -5.587785252292473 0.5877852522924731
-5.7374983556631465 -5.518990343438737 0.5877852522924731
-5.524703465769582 -5.314299575850716 0.5877852522924731
-5.175872041109182 -4.978753115556139 0.5877852522924731
-4.699593469062211 -4.520613230022315 0.5877852522924731
-4.1075953087504224 -3.951160843710192 0.5877852522924731
-3.414454519609943 -3.2844177642748926 0.5877852522924731
-2.637238528271803 -2.5368014191255304 0.5877852522924731
-1.795084971874738 -1.7267206038760783 0.5877852522924731
-0.9087304659246557 -0.8741221967020655 0.5877852522924731
-1.0670991102530785e-15 -1.0264594985314143e-15 0.5877852522924731
0.9087304659246536 0.8741221967020635 0.5877852522924731
1.795084971874736 1.7267206038760763 0.5877852522924731
2.6372385282718014 2.5368014191255286 0.5877852522924731
3.4144545196099414 3.284417764274891 0.5877852522924731
4.107595308750421 3.9511608437101904 0.5877852522924731
4.6995934690622105 4.520613230022313 0.5877852522924731
5.175872041109181 4.978753115556138 0.5877852522924731
5.524703465769581 5.314299575850716 0.5877852522924731
5.737498355663146 5.518990343438736 0.5877852522924731
5.707106781186548 5.707106781186548 0.7071067811865475
5.636842826309399 5.636842826309399 0.7071067811865475
5.427781093439726 5.427781093439726 0.7071067811865475
5.08506937627689 5.08506937627689 0.7071067811865475
4.617146374692422 4.617146374692422 0.7071067811865475
4.035533905932738 4.035533905932738 0.7071067811865475
3.3545531992398194 3.3545531992398194 0.7071067811865475
2.5909722596578373 2.5909722596578373 0.7071067811865475
1.763592984099148 1.763592984099148 0.7071067811865475
0.8927881962423919 0.8927881962423919 0.7071067811865475
3.49459502598613e-16 3.49459502598613e-16 0.7071067811865475
-0.8927881962423913 -0.8927881962423913 0.7071067811865475
-1.7635929840991473 -1.7635929840991473 0.7071067811865475
-2.590972259657837 -2.590972259657837 0.7071067811865475
-3.3545531992398185 -3.3545531992398185 0.7071067811865475
-4.035533905932738 -4.035533905932738 0.7071067811865475
-4.617146374692421 -4.617146374692421 0.7071067811865475
-5.0850693762768895 -5.0850693762768895 0.7071067811865475
-5.427781093439726 -5.427781093439726 0.7071067811865475
-5.636842826309399 -5.636842826309399 0.7071067811865475
-5.707106781186548 -5.707106781186548 0.7071067811865475
-5.636842826309399 -5.636842826309399 0.7071067811865475
-5.427781093439726 -5.427781093439726 0.7071067811865475
-5.08506937627689 -5.08506937627689 0.7071067811865475
-4.617146374692423 -4.617146374692423 0.7071067811865475
-4.035533905932739 -4.035533905932739 0.7071067811865475
-3.35455319923982 -3.35455319923982 0.7071067811865475
-2.5909722596578377 -2.5909722596578377 0.7071067811865475
-1.7635929840991487 -1.7635929840991487 0.7071067811865475
-0.8927881962423925 -0.8927881962423925 0.7071067811865475
-1.048378507795839e-15 -1.048378507795839e-15 0.7071067811865475
0.8927881962423905 0.8927881962423905 0.7071067811865475
1.7635929840991467 1.7635929840991467 0.7071067811865475
2.5909722596578364 2.5909722596578364 0.7071067811865475
3.354553199239818 3.354553199239818 0.7071067811865475
4.035533905932737 4.035533905932737 0.7071067811865475
4.617146374692421 4.617146374692421 0.7071067811865475
5.0850693762768895 5.0850693762768895 0.7071067811865475
5.427781093439726 5.427781093439726 0.7071067811865475
5.636842826309399 5.636842826309399 0.7071067811865475
5.587785252292473 5.8090169943749475 0.8090169943749475
5.518990343438737 5.7374983556631465 0.8090169943749475
5.314299575850716 5.524703465769581 0.8090169943749475
4.978753115556139 5.175872041109182 0.8090169943749475
4.520613230022314 4.699593469062211 0.8090169943749475
3.9511608437101913 4.1075953087504224 0.8090169943749475
3.284417764274892 3.4144545196099423 0.8090169943749475
2.5368014191255295 2.6372385282718027 0.8090169943749475
1.7267206038760776 1.7950849718747373 0.8090169943749475
0.8741221967020648 0.908730465924655 0.8090169943749475
3.4215316617713816e-16 3.556997034176929e-16 0.8090169943749475
-0.8741221967020643 -0.9087304659246543 0.8090169943749475
-1.726720603876077 -1.7950849718747366 0.8090169943749475
-2.536801419125529 -2.637238528271802 0.8090169943749475
-3.2844177642748913 -3.414454519609942 0.8090169943749475
-3.951160843710191 -4.107595308750422 0.8090169943749475
-4.520613230022313 -4.6995934690622105 0.8090169943749475
-4.978753115556138 -5.175872041109181 0.8090169943749475
-5.314299575850716 -5.524703465769581 0.8090169943749475
-5.518990343438736 -5.737498355663146 0.8090169943749475
-5.587785252292473 -5.8090169943749475 0.8090169943749475
-5.518990343438737 -5.7374983556631465 0.8090169943749475
-5.314299575850716 -5.524703465769582 0.8090169943749475
-4.978753115556139 -5.175872041109182 0.8090169943749475
-4.520613230022315 -4.699593469062211 0.8090169943749475
-3.951160843710192 -4.1075953087504224 0.8090169943749475
-3.2844177642748926 -3.414454519609943 0.8090169943749475
-2.5368014191255304 -2.637238528271803 0.8090169943749475
-1.7267206038760783 -1.795084971874738 0.8090169943749475
-0.8741221967020655 -0.9087304659246557 0.8090169943749475
-1.0264594985314143e-15 -1.0670991102530785e-15 0.8090169943749475
0.8741221967020635 0.9087304659246536 0.8090169943749475
1.7267206038760763 1.795084971874736 0.8090169943749475
2.5368014191255286 2.6372385282718014 0.8090169943749475
3.284417764274891 3.4144545196099414 0.8090169943749475
3.9511608437101904 4.107595308750421 0.8090169943749475
4.520613230022313 4.6995934690622105 0.8090169943749475
4.978753115556138 5.175872041109181 0.8090169943749475
5.314299575850716 5.524703465769581 0.8090169943749475
5.518990343438736 5.737498355663146 0.8090169943749475
5.453990499739547 5.891006524188368 0.8910065241883678
5.386842826309399 5.818478458310739 0.8910065241883678
5.187053204589157 5.60268014236661 0.8910065241883678
4.8595411181293136 5.248925247088076 0.8910065241883678
4.412371001448806 4.76592439204208 0.8910065241883678
3.856553666892841 4.165570661267789 0.8910065241883678
3.205775181890161 3.462646756076665 0.8910065241883678
2.4760598725514975 2.674460995885208 0.8910065241883678
1.6853757515790324 1.8204211299478956 0.8910065241883678
0.8531920861612577 0.9215564541599176 0.8910065241883678
3.3396060040430546e-16 3.60720114180173e-16 0.8910065241883678
-0.8531920861612571 -0.9215564541599169 0.8910065241883678
-1.6853757515790317 -1.8204211299478952 0.8910065241883678
-2.4760598725514966 -2.6744609958852075 0.8910065241883678
-3.2057751818901603 -3.4626467560766647 0.8910065241883678
-3.8565536668928404 -4.165570661267788 0.8910065241883678
-4.412371001448805 -4.765924392042079 0.8910065241883678
-4.859541118129313 -5.248925247088076 0.8910065241883678
-5.187053204589157 -5.60268014236661 0.8910065241883678
-5.386842826309398 -5.818478458310739 0.8910065241883678
-5.453990499739547 -5.891006524188368 0.8910065241883678
-5.386842826309399 -5.818478458310739 0.8910065241883678
-5.187053204589158 -5.602680142366611 0.8910065241883678
-4.8595411181293136 -5.248925247088076 0.8910065241883678
-4.412371001448807 -4.765924392042081 0.8910065241883678
-3.8565536668928417 -4.16557066126779 0.8910065241883678
-3.2057751818901616 -3.462646756076666 0.8910065241883678
-2.476059872551498 -2.6744609958852084 0.8910065241883678
-1.6853757515790329 -1.8204211299478963 0.8910065241883678
-0.8531920861612583 -0.9215564541599183 0.8910065241883678
-1.0018818012129163e-15 -1.082160342540519e-15 0.8910065241883678
0.8531920861612563 0.9215564541599162 0.8910065241883678
1.685375751579031 1.8204211299478945 0.8910065241883678
2.4760598725514966 2.674460995885207 0.8910065241883678
3.20577518189016 3.462646756076664 0.8910065241883678
3.8565536668928395 4.165570661267787 0.8910065241883678
4.412371001448805 4.765924392042079 0.8910065241883678
4.859541118129313 5.248925247088076 0.8910065241883678
5.187053204589157 5.60268014236661 0.8910065241883678
5.386842826309398 5.818478458310739 0.8910065241883678
5.3090169943749475 5.951056516295154 0.9510565162951535
5.243654185365577 5.877789135367442 0.9510565162951535
5.049175207622004 5.6597910786632415 0.9510565162951535
4.730368779014998 5.302430181832682 0.9510565162951535
4.295084971874737 4.814505856168551 0.9510565162951535
3.7540419181571485 4.208032417896695 0.9510565162951535
3.120561893463706 3.4979432558373134 0.9510565162951535
2.4102432784020293 2.7017231218111233 0.9510565162951535
1.6405764746872635 1.838977598020974 0.9510565162951535
0.8305132334045395 0.9309503425508127 0.9510565162951535
3.2508353343900905e-16 3.6439711571129294e-16 0.9510565162951535
-0.830513233404539 -0.930950342550812 0.9510565162951535
-1.6405764746872629 -1.8389775980209733 0.9510565162951535
-2.4102432784020285 -2.7017231218111224 0.9510565162951535
-3.120561893463705 -3.4979432558373125 0.9510565162951535
-3.754041918157148 -4.208032417896694 0.9510565162951535
-4.295084971874736 -4.81450585616855 0.9510565162951535
-4.730368779014997 -5.3024301818326816 0.9510565162951535
-5.049175207622004 -5.6597910786632415 0.9510565162951535
-5.243654185365577 -5.877789135367441 0.9510565162951535
-5.3090169943749475 -5.951056516295154 0.9510565162951535
-5.243654185365577 -5.877789135367442 0.9510565162951535
-5.049175207622005 -5.659791078663242 0.9510565162951535
-4.730368779014998 -5.302430181832682 0.9510565162951535
-4.295084971874738 -4.814505856168552 0.9510565162951535
-3.754041918157149 -4.208032417896696 0.9510565162951535
-3.1205618934637065 -3.497943255837314 0.9510565162951535
-2.41024327840203 -2.7017231218111237 0.9510565162951535
-1.6405764746872642 -1.8389775980209746 0.9510565162951535
-0.8305132334045402 -0.9309503425508133 0.9510565162951535
-9.752506003170271e-16 -1.0931913471338787e-15 0.9510565162951535
0.8305132334045382 0.9309503425508112 0.9510565162951535
1.6405764746872624 1.8389775980209726 0.9510565162951535
2.4102432784020285 2.7017231218111224 0.9510565162951535
3.1205618934637047 3.497943255837312 0.9510565162951535
3.754041918157147 4.208032417896694 0.9510565162951535
4.295084971874736 4.81450585616855 0.9510565162951535
4.730368779014997 5.3024301818326816 0.9510565162951535
5.049175207622004 5.6597910786632415 0.9510565162951535
5.243654185365577 5.877789135367441 0.9510565162951535
5.156434465040231 5.987688340595138 0.9876883405951378
5.092950200163163 5.913969961123266 0.9876883405951378
4.904060598825426 5.6946300138675205 0.9876883405951378
4.594416749900603 5.33506937627689 0.9876883405951378
4.171643112598238 4.844141624562195 0.9876883405951378
3.6461497769739752 4.233935029266449 0.9876883405951378
3.030876132963276 3.5194749019254132 0.9876883405951378
2.3409722596578373 2.7183536220314446 0.9876883405951378
1.5934258800781222 1.8502974542646262 0.9876883405951378
0.8066440670535779 0.9366808223886285 0.9876883405951378
3.157405481312307e-16 3.6664016803008815e-16 0.9876883405951378
-0.8066440670535773 -0.9366808223886278 0.9876883405951378
-1.5934258800781218 -1.8502974542646256 0.9876883405951378
-2.340972259657837 -2.7183536220314437 0.9876883405951378
-3.0308761329632756 -3.5194749019254123 0.9876883405951378
-3.646149776973975 -4.233935029266448 0.9876883405951378
-4.171643112598237 -4.844141624562194 0.9876883405951378
-4.594416749900602 -5.3350693762768895 0.9876883405951378
-4.904060598825426 -5.6946300138675205 0.9876883405951378
-5.092950200163163 -5.913969961123265 0.9876883405951378
-5.156434465040231 -5.987688340595138 0.9876883405951378
-5.092950200163163 -5.913969961123266 0.9876883405951378
-4.904060598825427 -5.694630013867521 0.9876883405951378
-4.594416749900603 -5.33506937627689 0.9876883405951378
-4.171643112598239 -4.844141624562196 0.9876883405951378
-3.6461497769739757 -4.2339350292664495 0.9876883405951378
-3.0308761329632765 -3.5194749019254137 0.9876883405951378
-2.3409722596578377 -2.718353622031445 0.9876883405951378
-1.593425880078123 -1.8502974542646269 0.9876883405951378
-0.8066440670535785 -0.9366808223886292 0.9876883405951378
-9.472216443936919e-16 -1.0999205040902643e-15 0.9876883405951378
0.8066440670535766 0.9366808223886269 0.9876883405951378
1.5934258800781211 1.8502974542646249 0.9876883405951378
2.3409722596578364 2.7183536220314437 0.9876883405951378
3.0308761329632747 3.519474901925412 0.9876883405951378
3.646149776973974 4.233935029266447 0.9876883405951378
4.171643112598237 4.844141624562194 0.9876883405951378
4.594416749900602 5.3350693762768895 0.9876883405951378
4.904060598825426 5.6946300138675205 0.9876883405951378
5.092950200163163 5.913969961123265 0.9876883405951378
5.0 6.0 1.0
4.938441702975689 5.926130043570827 1.0
4.755282581475767 5.706339097770921 1.0
4.455032620941839 5.346039145130208 1.0
4.045084971874737 4.854101966249685 1.0
3.5355339059327378 4.242640687119286 1.0
2.938926261462366 3.526711513754839 1.0
2.269952498697734 2.723942998437281 1.0
1.5450849718747373 1.8541019662496847 1.0
0.7821723252011547 0.9386067902413855 1.0
3.061616997868383e-16 3.6739403974420594e-16 1.0
-0.7821723252011541 -0.9386067902413848 1.0
-1.5450849718747368 -1.854101966249684 1.0
-2.2699524986977333 -2.72394299843728 1.0
-2.938926261462365 -3.5267115137548384 1.0
-3.5355339059327373 -4.242640687119285 1.0
-4.045084971874736 -4.854101966249684 1.0
-4.455032620941839 -5.346039145130207 1.0
-4.755282581475767 -5.706339097770921 1.0
-4.938441702975688 -5.926130043570826 1.0
-5.0 -6.0 1.0
-4.938441702975689 -5.926130043570827 1.0
-4.755282581475768 -5.706339097770922 1.0
-4.455032620941839 -5.346039145130208 1.0
-4.045084971874738 -4.854101966249686 1.0
-3.5355339059327386 -4.242640687119286 1.0
-2.9389262614623664 -3.5267115137548393 1.0
-2.2699524986977346 -2.7239429984372814 1.0
-1.5450849718747377 -1.8541019662496854 1.0
-0.7821723252011552 -0.9386067902413862 1.0
-9.184850993605148e-16 -1.102182119232618e-15 1.0
0.7821723252011534 0.938606790241384 1.0
1.5450849718747361 1.8541019662496834 1.0
2.2699524986977333 2.7239429984372796 1.0
2.9389262614623646 3.5267115137548375 1.0
3.535533905932737 4.242640687119284 1.0
4.045084971874736 4.854101966249684 1.0
4.455032620941839 5.346039145130207 1.0
4.755282581475767 5.706339097770921 1.0
4.938441702975688 5.926130043570826 1.0
4.843565534959769 5.987688340595138 0.9876883405951378
4.783933205788215 5.913969961123266 0.9876883405951378
4.6065045641261095 5.6946300138675205 0.9876883405951378
4.315648491983076 5.33506937627689 0.9876883405951378
3.9185268311512367 4.844141624562195 0.9876883405951378
3.4249180348915007 4.233935029266449 0.9876883405951378
2.8469763899614553 3.5194749019254132 0.9876883405951378
2.1989327377376306 2.7183536220314446 0.9876883405951378
1.4967440636713523 1.8502974542646262 0.9876883405951378
0.7577005833487314 0.9366808223886285 0.9876883405951378
2.9658285144244593e-16 3.6664016803008815e-16 0.9876883405951378
-0.7577005833487308 -0.9366808223886278 0.9876883405951378
-1.4967440636713516 -1.8502974542646256 0.9876883405951378
-2.19893273773763 -2.7183536220314437 0.9876883405951378
-2.846976389961455 -3.5194749019254123 0.9876883405951378
-3.4249180348915 -4.233935029266448 0.9876883405951378
-3.9185268311512362 -4.844141624562194 0.9876883405951378
-4.315648491983076 -5.3350693762768895 0.9876883405951378
-4.6065045641261095 -5.6946300138675205 0.9876883405951378
-4.783933205788214 -5.913969961123265 0.9876883405951378
-4.843565534959769 -5.987688340595138 0.9876883405951378
-4.783933205788215 -5.913969961123266 0.9876883405951378
-4.6065045641261095 -5.694630013867521 0.9876883405951378
-4.315648491983076 -5.33506937627689 0.9876883405951378
-3.918526831151237 -4.844141624562196 0.9876883405951378
-3.424918034891501 -4.2339350292664495 0.9876883405951378
-2.8469763899614557 -3.5194749019254137 0.9876883405951378
-2.1989327377376315 -2.718353622031445 0.9876883405951378
-1.4967440636713527 -1.8502974542646269 0.9876883405951378
-0.7577005833487319 -0.9366808223886292 0.9876883405951378
-8.897485543273377e-16 -1.0999205040902643e-15 0.9876883405951378
0.7577005833487301 0.9366808223886269 0.9876883405951378
1.4967440636713512 1.8502974542646249 0.9876883405951378
2.19893273773763 2.7183536220314437 0.9876883405951378
2.8469763899614544 3.519474901925412 0.9876883405951378
3.4249180348914994 4.233935029266447 0.9876883405951378
3.9185268311512362 4.844141624562194 0.9876883405951378
4.315648491983076 5.3350693762768895 0.9876883405951378
4.6065045641261095 5.6946300138675205 0.9876883405951378
4.783933205788214 5.913969961123265 0.9876883405951378
4.6909830056250525 5.951056516295154 0.9510565162951536
4.6332292205858 5.877789135367442 0.9510565162951536
4.461389955329531 5.6597910786632415 0.9510565162951536
4.179696462868681 5.302430181832682 0.9510565162951536
3.7950849718747373 4.814505856168551 0.9510565162951536
3.3170258937083275 4.208032417896695 0.9510565162951536
2.7572906294610253 3.4979432558373134 0.9510565162951536
2.129661718993439 2.7017231218111233 0.9510565162951536
1.449593469062211 1.838977598020974 0.9510565162951536
0.7338314169977697 0.9309503425508127 0.9510565162951536
2.8723986613466753e-16 3.6439711571129294e-16 0.9510565162951536
-0.7338314169977691 -0.930950342550812 0.9510565162951536
-1.4495934690622105 -1.8389775980209733 0.9510565162951536
-2.1296617189934386 -2.7017231218111224 0.9510565162951536
-2.757290629461025 -3.4979432558373125 0.9510565162951536
-3.3170258937083266 -4.208032417896694 0.9510565162951536
-3.795084971874737 -4.81450585616855 0.9510565162951536
-4.179696462868681 -5.3024301818326816 0.9510565162951536
-4.461389955329531 -5.6597910786632415 0.9510565162951536
-4.6332292205857994 -5.877789135367441 0.9510565162951536
-4.6909830056250525 -5.951056516295154 0.9510565162951536
-4.6332292205858 -5.877789135367442 0.9510565162951536
-4.4613899553295315 -5.659791078663242 0.9510565162951536
-4.179696462868681 -5.302430181832682 0.9510565162951536
-3.7950849718747377 -4.814505856168552 0.9510565162951536
-3.317025893708328 -4.208032417896696 0.9510565162951536
-2.7572906294610258 -3.497943255837314 0.9510565162951536
-2.1296617189934395 -2.7017231218111237 0.9510565162951536
-1.4495934690622114 -1.8389775980209746 0.9510565162951536
-0.7338314169977702 -0.9309503425508133 0.9510565162951536
-8.617195984040026e-16 -1.0931913471338787e-15 0.9510565162951536
0.7338314169977685 0.9309503425508112 0.9510565162951536
1.4495934690622099 1.8389775980209726 0.9510565162951536
2.129661718993438 2.7017231218111224 0.9510565162951536
2.7572906294610244 3.497943255837312 0.9510565162951536
3.317025893708326 4.208032417896694 0.9510565162951536
3.795084971874737 4.81450585616855 0.9510565162951536
4.179696462868681 5.3024301818326816 0.9510565162951536
4.461389955329531 5.6597910786632415 0.9510565162951536
4.6332292205857994 5.877789135367441 0.9510565162951536
4.546009500260453 5.891006524188368 0.8910065241883679
4.4900405796419784 5.818478458310739 0.8910065241883679
4.323511958362379 5.60268014236661 0.8910065241883679
4.050524123754366 5.248925247088076 0.8910065241883679
3.6777989423006687 4.76592439204208 0.8910065241883679
3.2145141449726347 4.165570661267789 0.8910065241883679
2.67207734103457 3.462646756076665 0.8910065241883679
2.0638451248439704 2.674460995885208 0.8910065241883679
1.404794192170442 1.8204211299478956 0.8910065241883679
0.7111525642410516 0.9215564541599176 0.8910065241883679
2.783627991693711e-16 3.60720114180173e-16 0.8910065241883679
-0.711152564241051 -0.9215564541599169 0.8910065241883679
-1.4047941921704417 -1.8204211299478952 0.8910065241883679
-2.06384512484397 -2.6744609958852075 0.8910065241883679
-2.6720773410345697 -3.4626467560766647 0.8910065241883679
-3.214514144972634 -4.165570661267788 0.8910065241883679
-3.6777989423006683 -4.765924392042079 0.8910065241883679
-4.050524123754365 -5.248925247088076 0.8910065241883679
-4.323511958362379 -5.60268014236661 0.8910065241883679
-4.4900405796419784 -5.818478458310739 0.8910065241883679
-4.546009500260453 -5.891006524188368 0.8910065241883679
-4.4900405796419784 -5.818478458310739 0.8910065241883679
-4.323511958362379 -5.602680142366611 0.8910065241883679
-4.050524123754366 -5.248925247088076 0.8910065241883679
-3.677798942300669 -4.765924392042081 0.8910065241883679
-3.214514144972635 -4.16557066126779 0.8910065241883679
-2.6720773410345706 -3.462646756076666 0.8910065241883679
-2.0638451248439713 -2.6744609958852084 0.8910065241883679
-1.4047941921704428 -1.8204211299478963 0.8910065241883679
-0.711152564241052 -0.9215564541599183 0.8910065241883679
-8.350883975081134e-16 -1.082160342540519e-15 0.8910065241883679
0.7111525642410504 0.9215564541599162 0.8910065241883679
1.4047941921704412 1.8204211299478945 0.8910065241883679
2.06384512484397 2.674460995885207 0.8910065241883679
2.6720773410345693 3.462646756076664 0.8910065241883679
3.2145141449726338 4.165570661267787 0.8910065241883679
3.6777989423006683 4.765924392042079 0.8910065241883679
4.050524123754365 5.248925247088076 0.8910065241883679
4.323511958362379 5.60268014236661 0.8910065241883679
4.4900405796419784 5.818478458310739 0.8910065241883679
4.412214747707527 5.8090169943749475 0.8090169943749475
4.357893062512641 5.7374983556631465 0.8090169943749475
4.19626558710082 5.524703465769581 0.8090169943749475
3.93131212632754 5.175872041109182 0.8090169943749475
3.5695567137271604 4.699593469062211 0.8090169943749475
3.1199069681552842 4.1075953087504224 0.8090169943749475
2.593434758649839 3.4144545196099423 0.8090169943749475
2.0031035782699385 2.6372385282718027 0.8090169943749475
1.363449339873397 1.7950849718747373 0.8090169943749475
0.6902224537002444 0.908730465924655 0.8090169943749475
2.7017023339653846e-16 3.556997034176929e-16 0.8090169943749475
-0.6902224537002439 -0.9087304659246543 0.8090169943749475
-1.3634493398733964 -1.7950849718747366 0.8090169943749475
-2.003103578269938 -2.637238528271802 0.8090169943749475
-2.5934347586498387 -3.414454519609942 0.8090169943749475
-3.119906968155284 -4.107595308750422 0.8090169943749475
-3.56955671372716 -4.6995934690622105 0.8090169943749475
-3.9313121263275392 -5.175872041109181 0.8090169943749475
-4.19626558710082 -5.524703465769581 0.8090169943749475
-4.357893062512641 -5.737498355663146 0.8090169943749475
-4.412214747707527 -5.8090169943749475 0.8090169943749475
-4.357893062512641 -5.7374983556631465 0.8090169943749475
-4.196265587100821 -5.524703465769582 0.8090169943749475
-3.93131212632754 -5.175872041109182 0.8090169943749475
-3.569556713727161 -4.699593469062211 0.8090169943749475
-3.1199069681552847 -4.1075953087504224 0.8090169943749475
-2.5934347586498396 -3.414454519609943 0.8090169943749475
-2.003103578269939 -2.637238528271803 0.8090169943749475
-1.3634493398733973 -1.795084971874738 0.8090169943749475
-0.6902224537002448 -0.9087304659246557 0.8090169943749475
-8.105107001896153e-16 -1.0670991102530785e-15 0.8090169943749475
0.6902224537002433 0.9087304659246536 0.8090169943749475
1.363449339873396 1.795084971874736 0.8090169943749475
2.0031035782699376 2.6372385282718014 0.8090169943749475
2.5934347586498383 3.4144545196099414 0.8090169943749475
3.1199069681552833 4.107595308750421 0.8090169943749475
3.56955671372716 4.6995934690622105 0.8090169943749475
3.9313121263275392 5.175872041109181 0.8090169943749475
4.19626558710082 5.524703465769581 0.8090169943749475
4.357893062512641 5.737498355663146 0.8090169943749475
4.292893218813452 5.707106781186548 0.7071067811865476
4.2400405796419784 5.636842826309399 0.7071067811865476
4.08278406951181 5.427781093439726 0.7071067811865476
3.824995865606789 5.08506937627689 0.7071067811865476
3.4730235690570526 4.617146374692422 0.7071067811865476
3.0355339059327378 4.035533905932738 0.7071067811865476
2.523299323684912 3.3545531992398194 0.7071067811865476
1.9489327377376309 2.5909722596578373 0.7071067811865476
1.3265769596503265 1.763592984099148 0.7071067811865476
0.6715564541599174 0.8927881962423919 0.7071067811865476
2.6286389697506364e-16 3.49459502598613e-16 0.7071067811865476
-0.6715564541599169 -0.8927881962423913 0.7071067811865476
-1.326576959650326 -1.7635929840991473 0.7071067811865476
-1.9489327377376302 -2.590972259657837 0.7071067811865476
-2.5232993236849115 -3.3545531992398185 0.7071067811865476
-3.035533905932737 -4.035533905932738 0.7071067811865476
-3.473023569057052 -4.617146374692421 0.7071067811865476
-3.824995865606788 -5.0850693762768895 0.7071067811865476
-4.08278406951181 -5.427781093439726 0.7071067811865476
-4.240040579641978 -5.636842826309399 0.7071067811865476
-4.292893218813452 -5.707106781186548 0.7071067811865476
-4.2400405796419784 -5.636842826309399 0.7071067811865476
-4.082784069511811 -5.427781093439726 0.7071067811865476
-3.824995865606789 -5.08506937627689 0.7071067811865476
-3.473023569057053 -4.617146374692423 0.7071067811865476
-3.035533905932738 -4.035533905932739 0.7071067811865476
-2.5232993236849124 -3.35455319923982 0.7071067811865476
-1.9489327377376313 -2.5909722596578377 0.7071067811865476
-1.326576959650327 -1.7635929840991487 0.7071067811865476
-0.6715564541599178 -0.8927881962423925 0.7071067811865476
-7.885916909251908e-16 -1.048378507795839e-15 0.7071067811865476
0.6715564541599163 0.8927881962423905 0.7071067811865476
1.3265769596503256 1.7635929840991467 0.7071067811865476
1.94893273773763 2.5909722596578364 0.7071067811865476
2.523299323684911 3.354553199239818 0.7071067811865476
3.0355339059327364 4.035533905932737 0.7071067811865476
3.473023569057052 4.617146374692421 0.7071067811865476
3.824995865606788 5.0850693762768895 0.7071067811865476
4.08278406951181 5.427781093439726 0.7071067811865476
4.240040579641978 5.636842826309399 0.7071067811865476
4.1909830056250525 5.587785252292473 0.5877852522924732
4.139385050288231 5.518990343438737 0.5877852522924732
3.9858616971819543 5.314299575850716 0.5877852522924732
3.7341932007744973 4.978753115556139 0.5877852522924732
3.3905764746872635 4.520613230022314 0.5877852522924732
2.9634725031150535 3.9511608437101913 0.5877852522924732
2.463398003314789 3.284417764274892 0.5877852522924732
1.9026664691236654 2.5368014191255295 0.5877852522924732
1.2950849718747373 1.7267206038760776 0.5877852522924732
0.6556141844776542 0.8741221967020648 0.5877852522924732
2.566236961559837e-16 3.4215316617713816e-16 0.5877852522924732
-0.6556141844776537 -0.8741221967020643 0.5877852522924732
-1.2950849718747368 -1.726720603876077 0.5877852522924732
-1.902666469123665 -2.536801419125529 0.5877852522924732
-2.463398003314788 -3.2844177642748913 0.5877852522924732
-2.963472503115053 -3.951160843710191 0.5877852522924732
-3.390576474687263 -4.520613230022313 0.5877852522924732
-3.734193200774497 -4.978753115556138 0.5877852522924732
-3.9858616971819543 -5.314299575850716 0.5877852522924732
-4.13938505028823 -5.518990343438736 0.5877852522924732
-4.1909830056250525 -5.587785252292473 0.5877852522924732
-4.139385050288231 -5.518990343438737 0.5877852522924732
-3.9858616971819547 -5.314299575850716 0.5877852522924732
-3.7341932007744973 -4.978753115556139 0.5877852522924732
-3.390576474687264 -4.520613230022315 0.5877852522924732
-2.963472503115054 -3.951160843710192 0.5877852522924732
-2.4633980033147895 -3.2844177642748926 0.5877852522924732
-1.9026664691236659 -2.5368014191255304 0.5877852522924732
-1.2950849718747377 -1.7267206038760783 0.5877852522924732
-0.6556141844776546 -0.8741221967020655 0.5877852522924732
-7.698710884679511e-16 -1.0264594985314143e-15 0.5877852522924732
0.6556141844776532 0.8741221967020635 0.5877852522924732
1.2950849718747364 1.7267206038760763 0.5877852522924732
1.9026664691236648 2.5368014191255286 0.5877852522924732
2.4633980033147878 3.284417764274891 0.5877852522924732
2.9634725031150526 3.9511608437101904 0.5877852522924732
3.390576474687263 4.520613230022313 0.5877852522924732
3.734193200774497 4.978753115556138 0.5877852522924732
3.9858616971819543 5.314299575850716 0.5877852522924732
4.13938505028823 5.518990343438736 0.5877852522924732
4.108993475811632 5.453990499739547 0.45399049973954686
4.058404947640638 5.386842826309399 0.45399049973954686
3.9078850205849247 5.187053204589157 0.45399049973954686
3.6611399947956027 4.8595411181293136 0.45399049973954686
3.3242455517073948 4.412371001448806 0.45399049973954686
2.905497150597687 3.856553666892841 0.45399049973954686
2.415205766848066 3.205775181890161 0.45399049973954686
1.8654440015102602 2.4760598725514975 0.45399049973954686
1.269748813801579 1.6853757515790324 0.45399049973954686
0.6427881962423917 0.8531920861612577 0.45399049973954686
2.5160328539350363e-16 3.3396060040430546e-16 0.45399049973954686
-0.6427881962423913 -0.8531920861612571 0.45399049973954686
-1.2697488138015782 -1.6853757515790317 0.45399049973954686
-1.8654440015102596 -2.4760598725514966 0.45399049973954686
-2.4152057668480658 -3.2057751818901603 0.45399049973954686
-2.9054971505976868 -3.8565536668928404 0.45399049973954686
-3.3242455517073943 -4.412371001448805 0.45399049973954686
-3.6611399947956023 -4.859541118129313 0.45399049973954686
-3.9078850205849247 -5.187053204589157 0.45399049973954686
-4.058404947640637 -5.386842826309398 0.45399049973954686
-4.108993475811632 -5.453990499739547 0.45399049973954686
-4.058404947640638 -5.386842826309399 0.45399049973954686
-3.907885020584925 -5.187053204589158 0.45399049973954686
-3.6611399947956027 -4.8595411181293136 0.45399049973954686
-3.324245551707395 -4.412371001448807 0.45399049973954686
-2.9054971505976877 -3.8565536668928417 0.45399049973954686
-2.4152057668480666 -3.2057751818901616 0.45399049973954686
-1.8654440015102607 -2.476059872551498 0.45399049973954686
-1.2697488138015793 -1.6853757515790329 0.45399049973954686
-0.6427881962423921 -0.8531920861612583 0.45399049973954686
-7.548098561805108e-16 -1.0018818012129163e-15 0.45399049973954686
0.6427881962423906 0.8531920861612563 0.45399049973954686
1.2697488138015778 1.685375751579031 0.45399049973954686
1.8654440015102594 2.4760598725514966 0.45399049973954686
2.4152057668480653 3.20577518189016 0.45399049973954686
2.9054971505976863 3.8565536668928395 0.45399049973954686
3.3242455517073943 4.412371001448805 0.45399049973954686
3.6611399947956023 4.859541118129313 0.45399049973954686
3.9078850205849247 5.187053204589157 0.45399049973954686
4.058404947640637 5.386842826309398 0.45399049973954686
4.048943483704846 5.3090169943749475 0.3090169943749475
3.999094270583936 5.243654185365577 0.3090169943749475
3.850774084288294 5.049175207622004 0.3090169943749475
3.6076350600509968 4.730368779014998 0.3090169943749475
3.2756640875809238 4.295084971874737 0.3090169943749475
2.8630353939687803 3.7540419181571485 0.3090169943749475
2.379909267087418 3.120561893463706 0.3090169943749475
1.8381818755843449 2.4102432784020293 0.3090169943749475
1.2511923457285006 1.6405764746872635 0.3090169943749475
0.6333943078514966 0.8305132334045395 0.3090169943749475
2.479262838623837e-16 3.2508353343900905e-16 0.3090169943749475
-0.6333943078514962 -0.830513233404539 0.3090169943749475
-1.2511923457285001 -1.6405764746872629 0.3090169943749475
-1.8381818755843444 -2.4102432784020285 0.3090169943749475
-2.3799092670874176 -3.120561893463705 0.3090169943749475
-2.86303539396878 -3.754041918157148 0.3090169943749475
-3.2756640875809233 -4.295084971874736 0.3090169943749475
-3.6076350600509963 -4.730368779014997 0.3090169943749475
-3.850774084288294 -5.049175207622004 0.3090169943749475
-3.9990942705839356 -5.243654185365577 0.3090169943749475
-4.048943483704846 -5.3090169943749475 0.3090169943749475
-3.999094270583936 -5.243654185365577 0.3090169943749475
-3.8507740842882945 -5.049175207622005 0.3090169943749475
-3.6076350600509968 -4.730368779014998 0.3090169943749475
-3.275664087580924 -4.295084971874738 0.3090169943749475
-2.8630353939687807 -3.754041918157149 0.3090169943749475
-2.3799092670874185 -3.1205618934637065 0.3090169943749475
-1.8381818755843453 -2.41024327840203 0.3090169943749475
-1.251192345728501 -1.6405764746872642 0.3090169943749475
-0.6333943078514971 -0.8305132334045402 0.3090169943749475
-7.43778851587151e-16 -9.752506003170271e-16 0.3090169943749475
0.6333943078514955 0.8305132334045382 0.3090169943749475
1.2511923457284997 1.6405764746872624 0.3090169943749475
1.8381818755843442 2.4102432784020285 0.3090169943749475
2.379909267087417 3.1205618934637047 0.3090169943749475
2.8630353939687794 3.754041918157147 0.3090169943749475
3.2756640875809233 4.295084971874736 0.3090169943749475
3.6076350600509963 4.730368779014997 0.3090169943749475
3.850774084288294 5.049175207622004 0.3090169943749475
3.9990942705839356 5.243654185365577 0.3090169943749475
4.012311659404863 5.156434465040231 0.15643446504023098
3.9629134448281125 5.092950200163163 0.15643446504023098
3.8159351490840154 4.904060598825426 0.15643446504023098
3.5749958656067893 4.594416749900603 0.15643446504023098
3.24602831918728 4.171643112598238 0.15643446504023098
2.837132782599028 3.6461497769739752 0.15643446504023098
2.3583776209993186 3.030876132963276 0.15643446504023098
1.821551375364024 2.3409722596578373 0.15643446504023098
1.2398724894848485 1.5934258800781222 0.15643446504023098
0.6276638280136809 0.8066440670535779 0.15643446504023098
2.4568323154358853e-16 3.157405481312307e-16 0.15643446504023098
-0.6276638280136805 -0.8066440670535773 0.15643446504023098
-1.239872489484848 -1.5934258800781218 0.15643446504023098
-1.8215513753640236 -2.340972259657837 0.15643446504023098
-2.358377620999318 -3.0308761329632756 0.15643446504023098
-2.8371327825990273 -3.646149776973975 0.15643446504023098
-3.2460283191872796 -4.171643112598237 0.15643446504023098
-3.574995865606789 -4.594416749900602 0.15643446504023098
-3.8159351490840154 -4.904060598825426 0.15643446504023098
-3.962913444828112 -5.092950200163163 0.15643446504023098
-4.012311659404863 -5.156434465040231 0.15643446504023098
-3.9629134448281125 -5.092950200163163 0.15643446504023098
-3.815935149084016 -4.904060598825427 0.15643446504023098
-3.5749958656067893 -4.594416749900603 0.15643446504023098
-3.2460283191872805 -4.171643112598239 0.15643446504023098
-2.8371327825990282 -3.6461497769739757 0.15643446504023098
-2.358377620999319 -3.0308761329632765 0.15643446504023098
-1.8215513753640244 -2.3409722596578377 0.15643446504023098
-1.239872489484849 -1.593425880078123 0.15643446504023098
-0.6276638280136814 -0.8066440670535785 0.15643446504023098
-7.370496946307655e-16 -9.472216443936919e-16 0.15643446504023098
0.6276638280136799 0.8066440670535766 0.15643446504023098
1.2398724894848476 1.5934258800781211 0.15643446504023098
1.8215513753640233 2.3409722596578364 0.15643446504023098
2.3583776209993177 3.0308761329632747 0.15643446504023098
2.837132782599027 3.646149776973974 0.15643446504023098
3.2460283191872796 4.171643112598237 0.15643446504023098
3.574995865606789 4.594416749900602 0.15643446504023098
3.8159351490840154 4.904060598825426 0.15643446504023098
3.962913444828112 5.092950200163163 0.15643446504023098
4.0 5.0 1.2246467991473532e-16
3.950753362380551 4.938441702975689 1.2246467991473532e-16
3.804226065180614 4.755282581475767 1.2246467991473532e-16
3.5640260967534716 4.455032620941839 1.2246467991473532e-16
3.23606797749979 4.045084971874737 1.2246467991473532e-16
2.8284271247461903 3.5355339059327378 1.2246467991473532e-16
2.3511410091698925 2.938926261462366 1.2246467991473532e-16
1.8159619989581872 2.269952498697734 1.2246467991473532e-16
1.2360679774997898 1.5450849718747373 1.2246467991473532e-16
0.6257378601609237 0.7821723252011547 1.2246467991473532e-16
2.4492935982947064e-16 3.061616997868383e-16 1.2246467991473532e-16
-0.6257378601609233 -0.7821723252011541 1.2246467991473532e-16
-1.2360679774997894 -1.5450849718747368 1.2246467991473532e-16
-1.8159619989581868 -2.2699524986977333 1.2246467991473532e-16
-2.351141009169892 -2.938926261462365 1.2246467991473532e-16
-2.82842712474619 -3.5355339059327373 1.2246467991473532e-16
-3.2360679774997894 -4.045084971874736 1.2246467991473532e-16
-3.564026096753471 -4.455032620941839 1.2246467991473532e-16
-3.804226065180614 -4.755282581475767 1.2246467991473532e-16
-3.9507533623805506 -4.938441702975688 1.2246467991473532e-16
-4.0 -5.0 1.2246467991473532e-16
-3.950753362380551 -4.938441702975689 1.2246467991473532e-16
-3.8042260651806146 -4.755282581475768 1.2246467991473532e-16
-3.5640260967534716 -4.455032620941839 1.2246467991473532e-16
-3.2360679774997902 -4.045084971874738 1.2246467991473532e-16
-2.8284271247461907 -3.5355339059327386 1.2246467991473532e-16
-2.351141009169893 -2.9389262614623664 1.2246467991473532e-16
-1.8159619989581877 -2.2699524986977346 1.2246467991473532e-16
-1.2360679774997902 -1.5450849718747377 1.2246467991473532e-16
-0.6257378601609241 -0.7821723252011552 1.2246467991473532e-16
-7.347880794884119e-16 -9.184850993605148e-16 1.2246467991473532e-16
0.6257378601609227 0.7821723252011534 1.2246467991473532e-16
1.236067977499789 1.5450849718747361 1.2246467991473532e-16
1.8159619989581866 2.2699524986977333 1.2246467991473532e-16
2.3511410091698917 2.9389262614623646 1.2246467991473532e-16
2.8284271247461894 3.535533905932737 1.2246467991473532e-16
3.2360679774997894 4.045084971874736 1.2246467991473532e-16
3.564026096753471 4.455032620941839 1.2246467991473532e-16
3.804226065180614 4.755282581475767 1.2246467991473532e-16
3.9507533623805506 4.938441702975688 1.2246467991473532e-16
4.012311659404862 4.843565534959769 -0.15643446504023073
3.9629134448281116 4.783933205788215 -0.15643446504023073
3.8159351490840145 4.6065045641261095 -0.15643446504023073
3.5749958656067884 4.315648491983076 -0.15643446504023073
3.246028319187279 3.9185268311512367 -0.15643446504023073
2.8371327825990273 3.4249180348915007 -0.15643446504023073
2.358377620999318 2.8469763899614553 -0.15643446504023073
1.8215513753640236 2.1989327377376306 -0.15643446504023073
1.2398724894848483 1.4967440636713523 -0.15643446504023073
0.6276638280136808 0.7577005833487314 -0.15643446504023073
2.456832315435885e-16 2.9658285144244593e-16 -0.15643446504023073
-0.6276638280136804 -0.7577005833487308 -0.15643446504023073
-1.2398724894848479 -1.4967440636713516 -0.15643446504023073
-1.8215513753640231 -2.19893273773763 -0.15643446504023073
-2.3583776209993177 -2.846976389961455 -0.15643446504023073
-2.837132782599027 -3.4249180348915 -0.15643446504023073
-3.2460283191872787 -3.9185268311512362 -0.15643446504023073
-3.574995865606788 -4.315648491983076 -0.15643446504023073
-3.8159351490840145 -4.6065045641261095 -0.15643446504023073
-3.962913444828111 -4.783933205788214 -0.15643446504023073
-4.012311659404862 -4.843565534959769 -0.15643446504023073
-3.9629134448281116 -4.783933205788215 -0.15643446504023073
-3.815935149084015 -4.6065045641261095 -0.15643446504023073
-3.5749958656067884 -4.315648491983076 -0.15643446504023073
-3.2460283191872796 -3.918526831151237 -0.15643446504023073
-2.837132782599028 -3.424918034891501 -0.15643446504023073
-2.3583776209993186 -2.8469763899614557 -0.15643446504023073
-1.821551375364024 -2.1989327377376315 -0.15643446504023073
-1.2398724894848487 -1.4967440636713527 -0.15643446504023073
-0.6276638280136813 -0.7577005833487319 -0.15643446504023073
-7.370496946307653e-16 -8.897485543273377e-16 -0.15643446504023073
0.6276638280136798 0.7577005833487301 -0.15643446504023073
1.2398724894848474 1.4967440636713512 -0.15643446504023073
1.821551375364023 2.19893273773763 -0.15643446504023073
2.3583776209993172 2.8469763899614544 -0.15643446504023073
2.8371327825990265 3.4249180348914994 -0.15643446504023073
3.2460283191872787 3.9185268311512362 -0.15643446504023073
3.574995865606788 4.315648491983076 -0.15643446504023073
3.8159351490840145 4.6065045641261095 -0.15643446504023073
3.962913444828111 4.783933205788214 -0.15643446504023073
4.048943483704846 4.6909830056250525 -0.3090169943749473
3.999094270583936 4.6332292205858 -0.3090169943749473
3.850774084288294 4.461389955329531 -0.3090169943749473
3.6076350600509968 4.179696462868681 -0.3090169943749473
3.2756640875809238 3.7950849718747373 -0.3090169943749473
2.8630353939687803 3.3170258937083275 -0.3090169943749473
2.379909267087418 2.7572906294610253 -0.3090169943749473
1.8381818755843449 2.129661718993439 -0.3090169943749473
1.2511923457285006 1.449593469062211 -0.3090169943749473
0.6333943078514966 0.7338314169977697 -0.3090169943749473
2.479262838623837e-16 2.8723986613466753e-16 -0.3090169943749473
-0.6333943078514962 -0.7338314169977691 -0.3090169943749473
-1.2511923457285001 -1.4495934690622105 -0.3090169943749473
-1.8381818755843444 -2.1296617189934386 -0.3090169943749473
-2.3799092670874176 -2.757290629461025 -0.3090169943749473
-2.86303539396878 -3.3170258937083266 -0.3090169943749473
-3.2756640875809233 -3.795084971874737 -0.3090169943749473
-3.6076350600509963 -4.179696462868681 -0.3090169943749473
-3.850774084288294 -4.461389955329531 -0.3090169943749473
-3.9990942705839356 -4.6332292205857994 -0.3090169943749473
-4.048943483704846 -4.6909830056250525 -0.3090169943749473
-3.999094270583936 -4.6332292205858 -0.3090169943749473
-3.8507740842882945 -4.4613899553295315 -0.3090169943749473
-3.6076350600509968 -4.179696462868681 -0.3090169943749473
-3.275664087580924 -3.7950849718747377 -0.3090169943749473
-2.8630353939687807 -3.317025893708328 -0.3090169943749473
-2.3799092670874185 -2.7572906294610258 -0.3090169943749473
-1.8381818755843453 -2.1296617189934395 -0.3090169943749473
-1.251192345728501 -1.4495934690622114 -0.3090169943749473
-0.6333943078514971 -0.7338314169977702 -0.3090169943749473
-7.43778851587151e-16 -8.617195984040026e-16 -0.3090169943749473
0.6333943078514955 0.7338314169977685 -0.3090169943749473
1.2511923457284997 1.4495934690622099 -0.3090169943749473
1.8381818755843442 2.129661718993438 -0.3090169943749473
2.379909267087417 2.7572906294610244 -0.3090169943749473
2.8630353939687794 3.317025893708326 -0.3090169943749473
3.2756640875809233 3.795084971874737 -0.3090169943749473
3.6076350600509963 4.179696462868681 -0.3090169943749473
3.850774084288294 4.461389955329531 -0.3090169943749473
3.9990942705839356 4.6332292205857994 -0.3090169943749473
4.108993475811632 4.546009500260453 -0.4539904997395467
4.058404947640638 4.4900405796419784 -0.4539904997395467
3.9078850205849247 4.323511958362379 -0.4539904997395467
3.6611399947956027 4.050524123754366 -0.4539904997395467
3.3242455517073948 3.6777989423006687 -0.4539904997395467
2.905497150597687 3.2145141449726347 -0.4539904997395467
2.415205766848066 2.67207734103457 -0.4539904997395467
1.8654440015102602 2.0638451248439704 -0.4539904997395467
1.269748813801579 1.404794192170442 -0.4539904997395467
0.6427881962423917 0.7111525642410516 -0.4539904997395467
2.5160328539350363e-16 2.783627991693711e-16 -0.4539904997395467
-0.6427881962423913 -0.711152564241051 -0.4539904997395467
-1.2697488138015782 -1.4047941921704417 -0.4539904997395467
-1.8654440015102596 -2.06384512484397 -0.4539904997395467
-2.4152057668480658 -2.6720773410345697 -0.4539904997395467
-2.9054971505976868 -3.214514144972634 -0.4539904997395467
-3.3242455517073943 -3.6777989423006683 -0.4539904997395467
-3.6611399947956023 -4.050524123754365 -0.4539904997395467
-3.9078850205849247 -4.323511958362379 -0.4539904997395467
-4.058404947640637 -4.4900405796419784 -0.4539904997395467
-4.108993475811632 -4.546009500260453 -0.4539904997395467
-4.058404947640638 -4.4900405796419784 -0.4539904997395467
-3.907885020584925 -4.323511958362379 -0.4539904997395467
-3.6611399947956027 -4.050524123754366 -0.4539904997395467
-3.324245551707395 -3.677798942300669 -0.4539904997395467
-2.9054971505976877 -3.214514144972635 -0.4539904997395467
-2.4152057668480666 -2.6720773410345706 -0.4539904997395467
-1.8654440015102607 -2.0638451248439713 -0.4539904997395467
-1.2697488138015793 -1.4047941921704428 -0.4539904997395467
-0.6427881962423921 -0.711152564241052 -0.4539904997395467
-7.548098561805108e-16 -8.350883975081134e-16 -0.4539904997395467
0.6427881962423906 0.7111525642410504 -0.4539904997395467
1.2697488138015778 1.4047941921704412 -0.4539904997395467
1.8654440015102594 2.06384512484397 -0.4539904997395467
2.4152057668480653 2.6720773410345693 -0.4539904997395467
2.9054971505976863 3.2145141449726338 -0.4539904997395467
3.3242455517073943 3.6777989423006683 -0.4539904997395467
3.6611399947956023 4.050524123754365 -0.4539904997395467
3.9078850205849247 4.323511958362379 -0.4539904997395467
4.058404947640637 4.4900405796419784 -0.4539904997395467
4.1909830056250525 4.412214747707527 -0.587785252292473
4.139385050288231 4.357893062512641 -0.587785252292473
3.9858616971819543 4.19626558710082 -0.587785252292473
3.7341932007744973 3.93131212632754 -0.587785252292473
3.3905764746872635 3.5695567137271604 -0.587785252292473
2.9634725031150535 3.1199069681552842 -0.587785252292473
2.463398003314789 2.593434758649839 -0.587785252292473
1.9026664691236654 2.0031035782699385 -0.587785252292473
1.2950849718747373 1.363449339873397 -0.587785252292473
0.6556141844776542 0.6902224537002444 -0.587785252292473
2.566236961559837e-16 2.7017023339653846e-16 -0.587785252292473
-0.6556141844776537 -0.6902224537002439 -0.587785252292473
-1.2950849718747368 -1.3634493398733964 -0.587785252292473
-1.902666469123665 -2.003103578269938 -0.587785252292473
-2.463398003314788 -2.5934347586498387 -0.587785252292473
-2.963472503115053 -3.119906968155284 -0.587785252292473
-3.390576474687263 -3.56955671372716 -0.587785252292473
-3.734193200774497 -3.9313121263275392 -0.587785252292473
-3.9858616971819543 -4.19626558710082 -0.587785252292473
-4.13938505028823 -4.357893062512641 -0.587785252292473
-4.1909830056250525 -4.412214747707527 -0.587785252292473
-4.139385050288231 -4.357893062512641 -0.587785252292473
-3.9858616971819547 -4.196265587100821 -0.587785252292473
-3.7341932007744973 -3.93131212632754 -0.587785252292473
-3.390576474687264 -3.569556713727161 -0.587785252292473
-2.963472503115054 -3.1199069681552847 -0.587785252292473
-2.4633980033147895 -2.5934347586498396 -0.587785252292473
-1.9026664691236659 -2.003103578269939 -0.587785252292473
-1.2950849718747377 -1.3634493398733973 -0.587785252292473
-0.6556141844776546 -0.6902224537002448 -0.587785252292473
-7.698710884679511e-16 -8.105107001896153e-16 -0.587785252292473
0.6556141844776532 0.6902224537002433 -0.587785252292473
1.2950849718747364 1.363449339873396 -0.587785252292473
1.9026664691236648 2.0031035782699376 -0.587785252292473
2.4633980033147878 2.5934347586498383 -0.587785252292473
2.9634725031150526 3.1199069681552833 -0.587785252292473
3.390576474687263 3.56955671372716 -0.587785252292473
3.734193200774497 3.9313121263275392 -0.587785252292473
3.9858616971819543 4.19626558710082 -0.587785252292473
4.13938505028823 4.357893062512641 -0.587785252292473
4.292893218813452 4.292893218813452 -0.7071067811865475
4.2400405796419784 4.2400405796419784 -0.7071067811865475
4.08278406951181 4.08278406951181 -0.7071067811865475
3.824995865606789 3.824995865606789 -0.7071067811865475
3.4730235690570526 3.4730235690570526 -0.7071067811865475
3.0355339059327378 3.0355339059327378 -0.7071067811865475
2.523299323684912 2.523299323684912 -0.7071067811865475
1.9489327377376309 1.9489327377376309 -0.7071067811865475
1.3265769596503265 1.3265769596503265 -0.7071067811865475
0.6715564541599174 0.6715564541599174 -0.7071067811865475
2.6286389697506364e-16 2.6286389697506364e-16 -0.7071067811865475
-0.6715564541599169 -0.6715564541599169 -0.7071067811865475
-1.326576959650326 -1.326576959650326 -0.7071067811865475
-1.9489327377376302 -1.9489327377376302 -0.7071067811865475
-2.5232993236849115 -2.5232993236849115 -0.7071067811865475
-3.035533905932737 -3.035533905932737 -0.7071067811865475
-3.473023569057052 -3.473023569057052 -0.7071067811865475
-3.824995865606788 -3.824995865606788 -0.7071067811865475
-4.08278406951181 -4.08278406951181 -0.7071067811865475
-4.240040579641978 -4.240040579641978 -0.7071067811865475
-4.292893218813452 -4.292893218813452 -0.7071067811865475
-4.2400405796419784 -4.2400405796419784 -0.7071067811865475
-4.082784069511811 -4.082784069511811 -0.7071067811865475
-3.824995865606789 -3.824995865606789 -0.7071067811865475
-3.473023569057053 -3.473023569057053 -0.7071067811865475
-3.035533905932738 -3.035533905932738 -0.7071067811865475
-2.5232993236849124 -2.5232993236849124 -0.7071067811865475
-1.9489327377376313 -1.9489327377376313 -0.7071067811865475
-1.326576959650327 -1.326576959650327 -0.7071067811865475
-0.6715564541599178 -0.6715564541599178 -0.7071067811865475
-7.885916909251908e-16 -7.885916909251908e-16 -0.7071067811865475
0.6715564541599163 0.6715564541599163 -0.7071067811865475
1.3265769596503256 1.3265769596503256 -0.7071067811865475
1.94893273773763 1.94893273773763 -0.7071067811865475
2.523299323684911 2.523299323684911 -0.7071067811865475
3.0355339059327364 3.0355339059327364 -0.7071067811865475
3.473023569057052 3.473023569057052 -0.7071067811865475
3.824995865606788 3.824995865606788 -0.7071067811865475
4.08278406951181 4.08278406951181 -0.7071067811865475
4.240040579641978 4.240040579641978 -0.7071067811865475
4.412214747707527 4.1909830056250525 -0.8090169943749473
4.357893062512641 4.139385050288231 -0.8090169943749473
4.19626558710082 3.9858616971819543 -0.8090169943749473
3.93131212632754 3.7341932007744973 -0.8090169943749473
3.5695567137271604 3.3905764746872635 -0.8090169943749473
3.1199069681552842 2.9634725031150535 -0.8090169943749473
2.593434758649839 2.463398003314789 -0.8090169943749473
2.0031035782699385 1.9026664691236654 -0.8090169943749473
1.363449339873397 1.2950849718747373 -0.8090169943749473
0.6902224537002444 0.6556141844776542 -0.8090169943749473
2.7017023339653846e-16 2.566236961559837e-16 -0.8090169943749473
-0.6902224537002439 -0.6556141844776537 -0.8090169943749473
-1.3634493398733964 -1.2950849718747368 -0.8090169943749473
-2.003103578269938 -1.902666469123665 -0.8090169943749473
-2.5934347586498387 -2.463398003314788 -0.8090169943749473
-3.119906968155284 -2.963472503115053 -0.8090169943749473
-3.56955671372716 -3.390576474687263 -0.8090169943749473
-3.9313121263275392 -3.734193200774497 -0.8090169943749473
-4.19626558710082 -3.9858616971819543 -0.8090169943749473
-4.357893062512641 -4.13938505028823 -0.8090169943749473
-4.412214747707527 -4.1909830056250525 -0.8090169943749473
-4.357893062512641 -4.139385050288231 -0.8090169943749473
-4.196265587100821 -3.9858616971819547 -0.8090169943749473
-3.93131212632754 -3.7341932007744973 -0.8090169943749473
-3.569556713727161 -3.390576474687264 -0.8090169943749473
-3.1199069681552847 -2.963472503115054 -0.8090169943749473
-2.5934347586498396 -2.4633980033147895 -0.8090169943749473
-2.003103578269939 -1.9026664691236659 -0.8090169943749473
-1.3634493398733973 -1.2950849718747377 -0.8090169943749473
-0.6902224537002448 -0.6556141844776546 -0.8090169943749473
-8.105107001896153e-16 -7.698710884679511e-16 -0.8090169943749473
0.6902224537002433 0.6556141844776532 -0.8090169943749473
1.363449339873396 1.2950849718747364 -0.8090169943749473
2.0031035782699376 1.9026664691236648 -0.8090169943749473
2.5934347586498383 2.4633980033147878 -0.8090169943749473
3.1199069681552833 2.9634725031150526 -0.8090169943749473
3.56955671372716 3.390576474687263 -0.8090169943749473
3.9313121263275392 3.734193200774497 -0.8090169943749473
4.19626558710082 3.9858616971819543 -0.8090169943749473
4.357893062512641 4.13938505028823 -0.8090169943749473
4.546009500260453 4.108993475811632 -0.8910065241883678
4.4900405796419784 4.058404947640638 -0.8910065241883678
4.323511958362379 3.9078850205849247 -0.8910065241883678
4.050524123754366 3.6611399947956027 -0.8910065241883678
3.6777989423006687 3.3242455517073948 -0.8910065241883678
3.2145141449726347 2.905497150597687 -0.8910065241883678
2.67207734103457 2.415205766848066 -0.8910065241883678
2.0638451248439704 1.8654440015102602 -0.8910065241883678
1.404794192170442 1.269748813801579 -0.8910065241883678
0.7111525642410516 0.6427881962423917 -0.8910065241883678
2.783627991693711e-16 2.5160328539350363e-16 -0.8910065241883678
-0.711152564241051 -0.6427881962423913 -0.8910065241883678
-1.4047941921704417 -1.2697488138015782 -0.8910065241883678
-2.06384512484397 -1.8654440015102596 -0.8910065241883678
-2.6720773410345697 -2.4152057668480658 -0.8910065241883678
-3.214514144972634 -2.9054971505976868 -0.8910065241883678
-3.6777989423006683 -3.3242455517073943 -0.8910065241883678
-4.050524123754365 -3.6611399947956023 -0.8910065241883678
-4.323511958362379 -3.9078850205849247 -0.8910065241883678
-4.4900405796419784 -4.058404947640637 -0.8910065241883678
-4.546009500260453 -4.108993475811632 -0.8910065241883678
-4.4900405796419784 -4.058404947640638 -0.8910065241883678
-4.323511958362379 -3.907885020584925 -0.8910065241883678
-4.050524123754366 -3.6611399947956027 -0.8910065241883678
-3.677798942300669 -3.324245551707395 -0.8910065241883678
-3.214514144972635 -2.9054971505976877 -0.8910065241883678
-2.6720773410345706 -2.4152057668480666 -0.8910065241883678
-2.0638451248439713 -1.8654440015102607 -0.8910065241883678
-1.4047941921704428 -1.2697488138015793 -0.8910065241883678
-0.711152564241052 -0.6427881962423921 -0.8910065241883678
-8.350883975081134e-16 -7.548098561805108e-16 -0.8910065241883678
0.7111525642410504 0.6427881962423906 -0.8910065241883678
1.4047941921704412 1.2697488138015778 -0.8910065241883678
2.06384512484397 1.8654440015102594 -0.8910065241883678
2.6720773410345693 2.4152057668480653 -0.8910065241883678
3.2145141449726338 2.9054971505976863 -0.8910065241883678
3.6777989423006683 3.3242455517073943 -0.8910065241883678
4.050524123754365 3.6611399947956023 -0.8910065241883678
4.323511958362379 3.9078850205849247 -0.8910065241883678
4.4900405796419784 4.058404947640637 -0.8910065241883678
4.6909830056250525 4.048943483704846 -0.9510565162951535
4.6332292205858 3.999094270583936 -0.9510565162951535
4.461389955329531 3.850774084288294 -0.9510565162951535
4.179696462868681 3.6076350600509968 -0.9510565162951535
3.7950849718747373 3.2756640875809238 -0.9510565162951535
3.3170258937083275 2.8630353939687803 -0.9510565162951535
2.7572906294610253 2.379909267087418 -0.9510565162951535
2.129661718993439 1.8381818755843449 -0.9510565162951535
1.449593469062211 1.2511923457285006 -0.9510565162951535
0.7338314169977697 0.6333943078514966 -0.9510565162951535
2.8723986613466753e-16 2.479262838623837e-16 -0.9510565162951535
-0.7338314169977691 -0.6333943078514962 -0.9510565162951535
-1.4495934690622105 -1.2511923457285001 -0.9510565162951535
-2.1296617189934386 -1.8381818755843444 -0.9510565162951535
-2.757290629461025 -2.3799092670874176 -0.9510565162951535
-3.3170258937083266 -2.86303539396878 -0.9510565162951535
-3.795084971874737 -3.2756640875809233 -0.9510565162951535
-4.179696462868681 -3.6076350600509963 -0.9510565162951535
-4.461389955329531 -3.850774084288294 -0.9510565162951535
-4.6332292205857994 -3.9990942705839356 -0.9510565162951535
-4.6909830056250525 -4.048943483704846 -0.9510565162951535
-4.6332292205858 -3.999094270583936 -0.9510565162951535
-4.4613899553295315 -3.8507740842882945 -0.9510565162951535
-4.179696462868681 -3.6076350600509968 -0.9510565162951535
-3.7950849718747377 -3.275664087580924 -0.9510565162951535
-3.317025893708328 -2.8630353939687807 -0.9510565162951535
-2.7572906294610258 -2.3799092670874185 -0.9510565162951535
-2.1296617189934395 -1.8381818755843453 -0.9510565162951535
-1.4495934690622114 -1.251192345728501 -0.9510565162951535
-0.7338314169977702 -0.6333943078514971 -0.9510565162951535
-8.617195984040026e-16 -7.43778851587151e-16 -0.9510565162951535
0.7338314169977685 0.6333943078514955 -0.9510565162951535
1.4495934690622099 1.2511923457284997 -0.9510565162951535
2.129661718993438 1.8381818755843442 -0.9510565162951535
2.7572906294610244 2.379909267087417 -0.9510565162951535
3.317025893708326 2.8630353939687794 -0.9510565162951535
3.795084971874737 3.2756640875809233 -0.9510565162951535
4.179696462868681 3.6076350600509963 -0.9510565162951535
4.461389955329531 3.850774084288294 -0.9510565162951535
4.6332292205857994 3.9990942705839356 -0.9510565162951535
4.843565534959769 4.012311659404863 -0.9876883405951377
4.783933205788215 3.9629134448281125 -0.9876883405951377
4.6065045641261095 3.8159351490840154 -0.9876883405951377
4.315648491983076 3.5749958656067893 -0.9876883405951377
3.9185268311512367 3.24602831918728 -0.9876883405951377
3.4249180348915007 2.837132782599028 -0.9876883405951377
2.8469763899614553 2.3583776209993186 -0.9876883405951377
2.1989327377376306 1.821551375364024 -0.9876883405951377
1.4967440636713523 1.2398724894848485 -0.9876883405951377
0.7577005833487314 0.6276638280136809 -0.9876883405951377
2.9658285144244593e-16 2.4568323154358853e-16 -0.9876883405951377
-0.7577005833487308 -0.6276638280136805 -0.9876883405951377
-1.4967440636713516 -1.239872489484848 -0.9876883405951377
-2.19893273773763 -1.8215513753640236 -0.9876883405951377
-2.846976389961455 -2.358377620999318 -0.9876883405951377
-3.4249180348915 -2.8371327825990273 -0.9876883405951377
-3.9185268311512362 -3.2460283191872796 -0.9876883405951377
-4.315648491983076 -3.574995865606789 -0.9876883405951377
-4.6065045641261095 -3.8159351490840154 -0.9876883405951377
-4.783933205788214 -3.962913444828112 -0.9876883405951377
-4.843565534959769 -4.012311659404863 -0.9876883405951377
-4.783933205788215 -3.9629134448281125 -0.9876883405951377
-4.6065045641261095 -3.815935149084016 -0.9876883405951377
-4.315648491983076 -3.5749958656067893 -0.9876883405951377
-3.918526831151237 -3.2460283191872805 -0.9876883405951377
-3.424918034891501 -2.8371327825990282 -0.9876883405951377
-2.8469763899614557 -2.358377620999319 -0.9876883405951377
-2.1989327377376315 -1.8215513753640244 -0.9876883405951377
-1.4967440636713527 -1.239872489484849 -0.9876883405951377
-0.7577005833487319 -0.6276638280136814 -0.9876883405951377
-8.897485543273377e-16 -7.370496946307655e-16 -0.9876883405951377
0.7577005833487301 0.6276638280136799 -0.9876883405951377
1.4967440636713512 1.2398724894848476 -0.9876883405951377
2.19893273773763 1.8215513753640233 -0.9876883405951377
2.8469763899614544 2.3583776209993177 -0.9876883405951377
3.4249180348914994 2.837132782599027 -0.9876883405951377
3.9185268311512362 3.2460283191872796 -0.9876883405951377
4.315648491983076 3.574995865606789 -0.9876883405951377
4.6065045641261095 3.8159351490840154 -0.9876883405951377
4.783933205788214 3.962913444828112 -0.9876883405951377
5.0 4.0 -1.0
4.938441702975689 3.950753362380551 -1.0
4.755282581475767 3.804226065180614 -1.0
4.455032620941839 3.5640260967534716 -1.0
4.045084971874737 3.23606797749979 -1.0
3.5355339059327378 2.8284271247461903 -1.0
2.938926261462366 2.3511410091698925 -1.0
2.269952498697734 1.8159619989581872 -1.0
1.5450849718747373 1.2360679774997898 -1.0
0.7821723252011547 0.6257378601609237 -1.0
3.061616997868383e-16 2.4492935982947064e-16 -1.0
-0.7821723252011541 -0.6257378601609233 -1.0
-1.5450849718747368 -1.2360679774997894 -1.0
-2.2699524986977333 -1.8159619989581868 -1.0
-2.938926261462365 -2.351141009169892 -1.0
-3.5355339059327373 -2.82842712474619 -1.0
-4.045084971874736 -3.2360679774997894 -1.0
-4.455032620941839 -3.564026096753471 -1.0
-4.755282581475767 -3.804226065180614 -1.0
-4.938441702975688 -3.9507533623805506 -1.0
-5.0 -4.0 -1.0
-4.938441702975689 -3.950753362380551 -1.0
-4.755282581475768 -3.8042260651806146 -1.0
-4.455032620941839 -3.5640260967534716 -1.0
-4.045084971874738 -3.2360679774997902 -1.0
-3.5355339059327386 -2.8284271247461907 -1.0
-2.9389262614623664 -2.351141009169893 -1.0
-2.2699524986977346 -1.8159619989581877 -1.0
-1.5450849718747377 -1.2360679774997902 -1.0
-0.7821723252011552 -0.6257378601609241 -1.0
-9.184850993605148e-16 -7.347880794884119e-16 -1.0
0.7821723252011534 0.6257378601609227 -1.0
1.5450849718747361 1.236067977499789 -1.0
2.2699524986977333 1.8159619989581866 -1.0
2.9389262614623646 2.3511410091698917 -1.0
3.535533905932737 2.8284271247461894 -1.0
4.045084971874736 3.2360679774997894 -1.0
4.455032620941839 3.564026096753471 -1.0
4.755282581475767 3.804226065180614 -1.0
4.938441702975688 3.9507533623805506 -1.0
5.15643446504023 4.012311659404862 -0.9876883405951378
5.092950200163162 3.9629134448281116 -0.9876883405951378
4.904060598825425 3.8159351490840145 -0.9876883405951378
4.594416749900602 3.5749958656067884 -0.9876883405951378
4.171643112598237 3.246028319187279 -0.9876883405951378
3.646149776973975 2.8371327825990273 -0.9876883405951378
3.0308761329632756 2.358377620999318 -0.9876883405951378
2.340972259657837 1.8215513753640236 -0.9876883405951378
1.593425880078122 1.2398724894848483 -0.9876883405951378
0.8066440670535777 0.6276638280136808 -0.9876883405951378
3.1574054813123065e-16 2.456832315435885e-16 -0.9876883405951378
-0.8066440670535772 -0.6276638280136804 -0.9876883405951378
-1.5934258800781214 -1.2398724894848479 -0.9876883405951378
-2.3409722596578364 -1.8215513753640231 -0.9876883405951378
-3.0308761329632747 -2.3583776209993177 -0.9876883405951378
-3.646149776973974 -2.837132782599027 -0.9876883405951378
-4.171643112598237 -3.2460283191872787 -0.9876883405951378
-4.594416749900601 -3.574995865606788 -0.9876883405951378
-4.904060598825425 -3.8159351490840145 -0.9876883405951378
-5.092950200163162 -3.962913444828111 -0.9876883405951378
-5.15643446504023 -4.012311659404862 -0.9876883405951378
-5.092950200163162 -3.9629134448281116 -0.9876883405951378
-4.904060598825426 -3.815935149084015 -0.9876883405951378
-4.594416749900602 -3.5749958656067884 -0.9876883405951378
-4.171643112598238 -3.2460283191872796 -0.9876883405951378
-3.6461497769739752 -2.837132782599028 -0.9876883405951378
-3.030876132963276 -2.3583776209993186 -0.9876883405951378
-2.3409722596578373 -1.821551375364024 -0.9876883405951378
-1.5934258800781227 -1.2398724894848487 -0.9876883405951378
-0.8066440670535783 -0.6276638280136813 -0.9876883405951378
-9.472216443936919e-16 -7.370496946307653e-16 -0.9876883405951378
0.8066440670535765 0.6276638280136798 -0.9876883405951378
1.593425880078121 1.2398724894848474 -0.9876883405951378
2.340972259657836 1.821551375364023 -0.9876883405951378
3.0308761329632743 2.3583776209993172 -0.9876883405951378
3.6461497769739735 2.8371327825990265 -0.9876883405951378
4.171643112598237 3.2460283191872787 -0.9876883405951378
4.594416749900601 3.574995865606788 -0.9876883405951378
4.904060598825425 3.8159351490840145 -0.9876883405951378
5.092950200163162 3.962913444828111 -0.9876883405951378
5.3090169943749475 4.048943483704846 -0.9510565162951536
5.243654185365577 3.999094270583936 -0.9510565162951536
5.049175207622004 3.850774084288294 -0.9510565162951536
4.730368779014998 3.6076350600509968 -0.9510565162951536
4.295084971874737 3.2756640875809238 -0.9510565162951536
3.7540419181571485 2.8630353939687803 -0.9510565162951536
3.120561893463706 2.379909267087418 -0.9510565162951536
2.4102432784020293 1.8381818755843449 -0.9510565162951536
1.6405764746872635 1.2511923457285006 -0.9510565162951536
0.8305132334045395 0.6333943078514966 -0.9510565162951536
3.2508353343900905e-16 2.479262838623837e-16 -0.9510565162951536
-0.830513233404539 -0.6333943078514962 -0.9510565162951536
-1.6405764746872629 -1.2511923457285001 -0.9510565162951536
-2.4102432784020285 -1.8381818755843444 -0.9510565162951536
-3.120561893463705 -2.3799092670874176 -0.9510565162951536
-3.754041918157148 -2.86303539396878 -0.9510565162951536
-4.295084971874736 -3.2756640875809233 -0.9510565162951536
-4.730368779014997 -3.6076350600509963 -0.9510565162951536
-5.049175207622004 -3.850774084288294 -0.9510565162951536
-5.243654185365577 -3.9990942705839356 -0.9510565162951536
-5.3090169943749475 -4.048943483704846 -0.9510565162951536
-5.243654185365577 -3.999094270583936 -0.9510565162951536
-5.049175207622005 -3.8507740842882945 -0.9510565162951536
-4.730368779014998 -3.6076350600509968 -0.9510565162951536
-4.295084971874738 -3.275664087580924 -0.9510565162951536
-3.754041918157149 -2.8630353939687807 -0.9510565162951536
-3.1205618934637065 -2.3799092670874185 -0.9510565162951536
-2.41024327840203 -1.8381818755843453 -0.9510565162951536
-1.6405764746872642 -1.251192345728501 -0.9510565162951536
-0.8305132334045402 -0.6333943078514971 -0.9510565162951536
-9.752506003170271e-16 -7.43778851587151e-16 -0.9510565162951536
0.8305132334045382 0.6333943078514955 -0.9510565162951536
1.6405764746872624 1.2511923457284997 -0.9510565162951536
2.4102432784020285 1.8381818755843442 -0.9510565162951536
3.1205618934637047 2.379909267087417 -0.9510565162951536
3.754041918157147 2.8630353939687794 -0.9510565162951536
4.295084971874736 3.2756640875809233 -0.9510565162951536
4.730368779014997 3.6076350600509963 -0.9510565162951536
5.049175207622004 3.850774084288294 -0.9510565162951536
5.243654185365577 3.9990942705839356 -0.9510565162951536
5.453990499739547 4.108993475811632 -0.8910065241883679
5.386842826309399 4.058404947640638 -0.8910065241883679
5.187053204589157 3.9078850205849247 -0.8910065241883679
4.8595411181293136 3.6611399947956027 -0.8910065241883679
4.412371001448806 3.3242455517073948 -0.8910065241883679
3.856553666892841 2.905497150597687 -0.8910065241883679
3.205775181890161 2.415205766848066 -0.8910065241883679
2.4760598725514975 1.8654440015102602 -0.8910065241883679
1.6853757515790324 1.269748813801579 -0.8910065241883679
0.8531920861612577 0.6427881962423917 -0.8910065241883679
3.3396060040430546e-16 2.5160328539350363e-16 -0.8910065241883679
-0.8531920861612571 -0.6427881962423913 -0.8910065241883679
-1.6853757515790317 -1.2697488138015782 -0.8910065241883679
-2.4760598725514966 -1.8654440015102596 -0.8910065241883679
-3.2057751818901603 -2.4152057668480658 -0.8910065241883679
-3.8565536668928404 -2.9054971505976868 -0.8910065241883679
-4.412371001448805 -3.3242455517073943 -0.8910065241883679
-4.859541118129313 -3.6611399947956023 -0.8910065241883679
-5.187053204589157 -3.9078850205849247 -0.8910065241883679
-5.386842826309398 -4.058404947640637 -0.8910065241883679
-5.453990499739547 -4.108993475811632 -0.8910065241883679
-5.386842826309399 -4.058404947640638 -0.8910065241883679
-5.187053204589158 -3.907885020584925 -0.8910065241883679
-4.8595411181293136 -3.6611399947956027 -0.8910065241883679
-4.412371001448807 -3.324245551707395 -0.8910065241883679
-3.8565536668928417 -2.9054971505976877 -0.8910065241883679
-3.2057751818901616 -2.4152057668480666 -0.8910065241883679
-2.476059872551498 -1.8654440015102607 -0.8910065241883679
-1.6853757515790329 -1.2697488138015793 -0.8910065241883679
-0.8531920861612583 -0.6427881962423921 -0.8910065241883679
-1.0018818012129163e-15 -7.548098561805108e-16 -0.8910065241883679
0.8531920861612563 0.6427881962423906 -0.8910065241883679
1.685375751579031 1.2697488138015778 -0.8910065241883679
2.4760598725514966 1.8654440015102594 -0.8910065241883679
3.20577518189016 2.4152057668480653 -0.8910065241883679
3.8565536668928395 2.9054971505976863 -0.8910065241883679
4.412371001448805 3.3242455517073943 -0.8910065241883679
4.859541118129313 3.6611399947956023 -0.8910065241883679
5.187053204589157 3.9078850205849247 -0.8910065241883679
5.386842826309398 4.058404947640637 -0.8910065241883679
5.587785252292473 4.1909830056250525 -0.8090169943749476
5.518990343438737 4.139385050288231 -0.8090169943749476
5.314299575850716 3.9858616971819543 -0.8090169943749476
4.978753115556139 3.7341932007744973 -0.8090169943749476
4.520613230022314 3.3905764746872635 -0.8090169943749476
3.9511608437101913 2.9634725031150535 -0.8090169943749476
3.284417764274892 2.463398003314789 -0.8090169943749476
2.5368014191255295 1.9026664691236654 -0.8090169943749476
1.7267206038760776 1.2950849718747373 -0.8090169943749476
0.8741221967020648 0.6556141844776542 -0.8090169943749476
3.4215316617713816e-16 2.566236961559837e-16 -0.8090169943749476
-0.8741221967020643 -0.6556141844776537 -0.8090169943749476
-1.726720603876077 -1.2950849718747368 -0.8090169943749476
-2.536801419125529 -1.902666469123665 -0.8090169943749476
-3.2844177642748913 -2.463398003314788 -0.8090169943749476
-3.951160843710191 -2.963472503115053 -0.8090169943749476
-4.520613230022313 -3.390576474687263 -0.8090169943749476
-4.978753115556138 -3.734193200774497 -0.8090169943749476
-5.314299575850716 -3.9858616971819543 -0.8090169943749476
-5.518990343438736 -4.13938505028823 -0.8090169943749476
-5.587785252292473 -4.1909830056250525 -0.8090169943749476
-5.518990343438737 -4.139385050288231 -0.8090169943749476
-5.314299575850716 -3.9858616971819547 -0.8090169943749476
-4.978753115556139 -3.7341932007744973 -0.8090169943749476
-4.520613230022315 -3.390576474687264 -0.8090169943749476
-3.951160843710192 -2.963472503115054 -0.8090169943749476
-3.2844177642748926 -2.4633980033147895 -0.8090169943749476
-2.5368014191255304 -1.9026664691236659 -0.8090169943749476
-1.7267206038760783 -1.2950849718747377 -0.8090169943749476
-0.8741221967020655 -0.6556141844776546 -0.8090169943749476
-1.0264594985314143e-15 -7.698710884679511e-16 -0.8090169943749476
0.8741221967020635 0.6556141844776532 -0.8090169943749476
1.7267206038760763 1.2950849718747364 -0.8090169943749476
2.5368014191255286 1.9026664691236648 -0.8090169943749476
3.284417764274891 2.4633980033147878 -0.8090169943749476
3.9511608437101904 2.9634725031150526 -0.8090169943749476
4.520613230022313 3.390576474687263 -0.8090169943749476
4.978753115556138 3.734193200774497 -0.8090169943749476
5.314299575850716 3.9858616971819543 -0.8090169943749476
5.518990343438736 4.13938505028823 -0.8090169943749476
5.707106781186547 4.292893218813452 -0.7071067811865477
5.636842826309398 4.2400405796419784 -0.7071067811865477
5.427781093439725 4.08278406951181 -0.7071067811865477
5.0850693762768895 3.824995865606789 -0.7071067811865477
4.617146374692421 3.4730235690570526 -0.7071067811865477
4.035533905932738 3.0355339059327378 -0.7071067811865477
3.354553199239819 2.523299323684912 -0.7071067811865477
2.590972259657837 1.9489327377376309 -0.7071067811865477
1.7635929840991476 1.3265769596503265 -0.7071067811865477
0.8927881962423917 0.6715564541599174 -0.7071067811865477
3.4945950259861294e-16 2.6286389697506364e-16 -0.7071067811865477
-0.8927881962423911 -0.6715564541599169 -0.7071067811865477
-1.763592984099147 -1.326576959650326 -0.7071067811865477
-2.5909722596578364 -1.9489327377376302 -0.7071067811865477
-3.354553199239818 -2.5232993236849115 -0.7071067811865477
-4.035533905932737 -3.035533905932737 -0.7071067811865477
-4.61714637469242 -3.473023569057052 -0.7071067811865477
-5.085069376276889 -3.824995865606788 -0.7071067811865477
-5.427781093439725 -4.08278406951181 -0.7071067811865477
-5.636842826309398 -4.240040579641978 -0.7071067811865477
-5.707106781186547 -4.292893218813452 -0.7071067811865477
-5.636842826309398 -4.2400405796419784 -0.7071067811865477
-5.427781093439725 -4.082784069511811 -0.7071067811865477
-5.0850693762768895 -3.824995865606789 -0.7071067811865477
-4.617146374692422 -3.473023569057053 -0.7071067811865477
-4.035533905932738 -3.035533905932738 -0.7071067811865477
-3.3545531992398194 -2.5232993236849124 -0.7071067811865477
-2.5909722596578377 -1.9489327377376313 -0.7071067811865477
-1.7635929840991482 -1.326576959650327 -0.7071067811865477
-0.8927881962423924 -0.6715564541599178 -0.7071067811865477
-1.0483785077958388e-15 -7.885916909251908e-16 -0.7071067811865477
0.8927881962423903 0.6715564541599163 -0.7071067811865477
1.7635929840991464 1.3265769596503256 -0.7071067811865477
2.590972259657836 1.94893273773763 -0.7071067811865477
3.3545531992398177 2.523299323684911 -0.7071067811865477
4.035533905932736 3.0355339059327364 -0.7071067811865477
4.61714637469242 3.473023569057052 -0.7071067811865477
5.085069376276889 3.824995865606788 -0.7071067811865477
5.427781093439725 4.08278406951181 -0.7071067811865477
5.636842826309398 4.240040579641978 -0.7071067811865477
5.8090169943749475 4.412214747707527 -0.5877852522924734
5.7374983556631465 4.357893062512641 -0.5877852522924734
5.524703465769581 4.19626558710082 -0.5877852522924734
5.175872041109182 3.93131212632754 -0.5877852522924734
4.699593469062211 3.5695567137271604 -0.5877852522924734
4.1075953087504224 3.1199069681552842 -0.5877852522924734
3.4144545196099423 2.593434758649839 -0.5877852522924734
2.6372385282718027 2.0031035782699385 -0.5877852522924734
1.7950849718747373 1.363449339873397 -0.5877852522924734
0.908730465924655 0.6902224537002444 -0.5877852522924734
3.556997034176929e-16 2.7017023339653846e-16 -0.5877852522924734
-0.9087304659246543 -0.6902224537002439 -0.5877852522924734
-1.7950849718747366 -1.3634493398733964 -0.5877852522924734
-2.637238528271802 -2.003103578269938 -0.5877852522924734
-3.414454519609942 -2.5934347586498387 -0.5877852522924734
-4.107595308750422 -3.119906968155284 -0.5877852522924734
-4.6995934690622105 -3.56955671372716 -0.5877852522924734
-5.175872041109181 -3.9313121263275392 -0.5877852522924734
-5.524703465769581 -4.19626558710082 -0.5877852522924734
-5.737498355663146 -4.357893062512641 -0.5877852522924734
-5.8090169943749475 -4.412214747707527 -0.5877852522924734
-5.7374983556631465 -4.357893062512641 -0.5877852522924734
-5.524703465769582 -4.196265587100821 -0.5877852522924734
-5.175872041109182 -3.93131212632754 -0.5877852522924734
-4.699593469062211 -3.569556713727161 -0.5877852522924734
-4.1075953087504224 -3.1199069681552847 -0.5877852522924734
-3.414454519609943 -2.5934347586498396 -0.5877852522924734
-2.637238528271803 -2.003103578269939 -0.5877852522924734
-1.795084971874738 -1.3634493398733973 -0.5877852522924734
-0.9087304659246557 -0.6902224537002448 -0.5877852522924734
-1.0670991102530785e-15 -8.105107001896153e-16 -0.5877852522924734
0.9087304659246536 0.6902224537002433 -0.5877852522924734
1.795084971874736 1.363449339873396 -0.5877852522924734
2.6372385282718014 2.0031035782699376 -0.5877852522924734
3.4144545196099414 2.5934347586498383 -0.5877852522924734
4.107595308750421 3.1199069681552833 -0.5877852522924734
4.6995934690622105 3.56955671372716 -0.5877852522924734
5.175872041109181 3.9313121263275392 -0.5877852522924734
5.524703465769581 4.19626558710082 -0.5877852522924734
5.737498355663146 4.357893062512641 -0.5877852522924734
5.891006524188368 4.546009500260453 -0.45399049973954697
5.818478458310739 4.4900405796419784 -0.45399049973954697
5.60268014236661 4.323511958362379 -0.45399049973954697
5.248925247088076 4.050524123754366 -0.45399049973954697
4.76592439204208 3.6777989423006687 -0.45399049973954697
4.165570661267789 3.2145141449726347 -0.45399049973954697
3.462646756076665 2.67207734103457 -0.45399049973954697
2.674460995885208 2.0638451248439704 -0.45399049973954697
1.8204211299478956 1.404794192170442 -0.45399049973954697
0.9215564541599176 0.7111525642410516 -0.45399049973954697
3.60720114180173e-16 2.783627991693711e-16 -0.45399049973954697
-0.9215564541599169 -0.711152564241051 -0.45399049973954697
-1.8204211299478952 -1.4047941921704417 -0.45399049973954697
-2.6744609958852075 -2.06384512484397 -0.45399049973954697
-3.4626467560766647 -2.6720773410345697 -0.45399049973954697
-4.165570661267788 -3.214514144972634 -0.45399049973954697
-4.765924392042079 -3.6777989423006683 -0.45399049973954697
-5.248925247088076 -4.050524123754365 -0.45399049973954697
-5.60268014236661 -4.323511958362379 -0.45399049973954697
-5.818478458310739 -4.4900405796419784 -0.45399049973954697
-5.891006524188368 -4.546009500260453 -0.45399049973954697
-5.818478458310739 -4.4900405796419784 -0.45399049973954697
-5.602680142366611 -4.323511958362379 -0.45399049973954697
-5.248925247088076 -4.050524123754366 -0.45399049973954697
-4.765924392042081 -3.677798942300669 -0.45399049973954697
-4.16557066126779 -3.214514144972635 -0.45399049973954697
-3.462646756076666 -2.6720773410345706 -0.45399049973954697
-2.6744609958852084 -2.0638451248439713 -0.45399049973954697
-1.8204211299478963 -1.4047941921704428 -0.45399049973954697
-0.9215564541599183 -0.711152564241052 -0.45399049973954697
-1.082160342540519e-15 -8.350883975081134e-16 -0.45399049973954697
0.9215564541599162 0.7111525642410504 -0.45399049973954697
1.8204211299478945 1.4047941921704412 -0.45399049973954697
2.674460995885207 2.06384512484397 -0.45399049973954697
3.462646756076664 2.6720773410345693 -0.45399049973954697
4.165570661267787 3.2145141449726338 -0.45399049973954697
4.765924392042079 3.6777989423006683 -0.45399049973954697
5.248925247088076 4.050524123754365 -0.45399049973954697
5.60268014236661 4.323511958362379 -0.45399049973954697
5.818478458310739 4.4900405796419784 -0.45399049973954697
5.951056516295154 4.6909830056250525 -0.3090169943749476
5.877789135367442 4.6332292205858 -0.3090169943749476
5.6597910786632415 4.461389955329531 -0.3090169943749476
5.302430181832682 4.179696462868681 -0.3090169943749476
4.814505856168551 3.7950849718747373 -0.3090169943749476
4.208032417896695 3.3170258937083275 -0.3090169943749476
3.4979432558373134 2.7572906294610253 -0.3090169943749476
2.7017231218111233 2.129661718993439 -0.3090169943749476
1.838977598020974 1.449593469062211 -0.3090169943749476
0.9309503425508127 0.7338314169977697 -0.3090169943749476
3.6439711571129294e-16 2.8723986613466753e-16 -0.3090169943749476
-0.930950342550812 -0.7338314169977691 -0.3090169943749476
-1.8389775980209733 -1.4495934690622105 -0.3090169943749476
-2.7017231218111224 -2.1296617189934386 -0.3090169943749476
-3.4979432558373125 -2.757290629461025 -0.3090169943749476
-4.208032417896694 -3.3170258937083266 -0.3090169943749476
-4.81450585616855 -3.795084971874737 -0.3090169943749476
-5.3024301818326816 -4.179696462868681 -0.3090169943749476
-5.6597910786632415 -4.461389955329531 -0.3090169943749476
-5.877789135367441 -4.6332292205857994 -0.3090169943749476
-5.951056516295154 -4.6909830056250525 -0.3090169943749476
-5.877789135367442 -4.6332292205858 -0.3090169943749476
-5.659791078663242 -4.4613899553295315 -0.3090169943749476
-5.302430181832682 -4.179696462868681 -0.3090169943749476
-4.814505856168552 -3.7950849718747377 -0.3090169943749476
-4.208032417896696 -3.317025893708328 -0.3090169943749476
-3.497943255837314 -2.7572906294610258 -0.3090169943749476
-2.7017231218111237 -2.1296617189934395 -0.3090169943749476
-1.8389775980209746 -1.4495934690622114 -0.3090169943749476
-0.9309503425508133 -0.7338314169977702 -0.3090169943749476
-1.0931913471338787e-15 -8.617195984040026e-16 -0.3090169943749476
0.9309503425508112 0.7338314169977685 -0.3090169943749476
1.8389775980209726 1.4495934690622099 -0.3090169943749476
2.7017231218111224 2.129661718993438 -0.3090169943749476
3.497943255837312 2.7572906294610244 -0.3090169943749476
4.208032417896694 3.317025893708326 -0.3090169943749476
4.81450585616855 3.795084971874737 -0.3090169943749476
5.3024301818326816 4.179696462868681 -0.3090169943749476
5.6597910786632415 4.461389955329531 -0.3090169943749476
5.877789135367441 4.6332292205857994 -0.3090169943749476
5.987688340595137 4.843565534959769 -0.1564344650402311
5.913969961123265 4.783933205788215 -0.1564344650402311
5.69463001386752 4.6065045641261095 -0.1564344650402311
5.3350693762768895 4.315648491983076 -0.1564344650402311
4.844141624562194 3.9185268311512367 -0.1564344650402311
4.233935029266448 3.4249180348915007 -0.1564344650402311
3.519474901925413 2.8469763899614553 -0.1564344650402311
2.718353622031444 2.1989327377376306 -0.1564344650402311
1.850297454264626 1.4967440636713523 -0.1564344650402311
0.9366808223886284 0.7577005833487314 -0.1564344650402311
3.666401680300881e-16 2.9658285144244593e-16 -0.1564344650402311
-0.9366808223886277 -0.7577005833487308 -0.1564344650402311
-1.8502974542646253 -1.4967440636713516 -0.1564344650402311
-2.7183536220314433 -2.19893273773763 -0.1564344650402311
-3.519474901925412 -2.846976389961455 -0.1564344650402311
-4.233935029266447 -3.4249180348915 -0.1564344650402311
-4.8441416245621935 -3.9185268311512362 -0.1564344650402311
-5.335069376276889 -4.315648491983076 -0.1564344650402311
-5.69463001386752 -4.6065045641261095 -0.1564344650402311
-5.913969961123264 -4.783933205788214 -0.1564344650402311
-5.987688340595137 -4.843565534959769 -0.1564344650402311
-5.913969961123265 -4.783933205788215 -0.1564344650402311
-5.6946300138675205 -4.6065045641261095 -0.1564344650402311
-5.3350693762768895 -4.315648491983076 -0.1564344650402311
-4.844141624562195 -3.918526831151237 -0.1564344650402311
-4.233935029266449 -3.424918034891501 -0.1564344650402311
-3.5194749019254132 -2.8469763899614557 -0.1564344650402311
-2.7183536220314446 -2.1989327377376315 -0.1564344650402311
-1.8502974542646267 -1.4967440636713527 -0.1564344650402311
-0.936680822388629 -0.7577005833487319 -0.1564344650402311
-1.0999205040902641e-15 -8.897485543273377e-16 -0.1564344650402311
0.9366808223886268 0.7577005833487301 -0.1564344650402311
1.8502974542646247 1.4967440636713512 -0.1564344650402311
2.7183536220314433 2.19893273773763 -0.1564344650402311
3.5194749019254115 2.8469763899614544 -0.1564344650402311
4.233935029266447 3.4249180348914994 -0.1564344650402311
4.8441416245621935 3.9185268311512362 -0.1564344650402311
5.335069376276889 4.315648491983076 -0.1564344650402311
5.69463001386752 4.6065045641261095 -0.1564344650402311
5.913969961123264 4.783933205788214 -0.1564344650402311
