6.0 0.0 0.0
5.903577531591778 0.0 1.0713413687918198
5.617409223838424 0.0 2.1082489444880563
5.150692761611197 0.0 3.0773956644354366
4.518428796021666 0.0 3.9476323556382757
3.7409388111524016 0.0 4.690988894808179
2.8432119748379923 0.0 5.2835731911404284
1.8541019662496847 0.0 5.706339097770921
0.8053995949059333 0.0 5.945698570607608
-0.26918898210308917 0.0 5.993958399247888
-1.335125603737886 0.0 5.849567473090942
-2.358150189923541 0.0 5.517166635308704
-3.3053818887126143 0.0 5.007439522327816
-4.146375893921188 0.0 4.33676918296435
-4.854101966249684 0.0 3.5267115137548393
-5.405813207414514 0.0 2.6033024347053493
-5.7837771641751194 0.0 1.5962210734000513
-5.975845763971434 0.0 0.5378358534206017
-5.975845763971434 0.0 -0.5378358534206003
-5.78377716417512 0.0 -1.59622107340005
-5.405813207414515 0.0 -2.603302434705348
-4.854101966249686 0.0 -3.5267115137548384
-4.1463758939211885 0.0 -4.336769182964349
-3.305381888712616 0.0 -5.007439522327815
-2.358150189923543 0.0 -5.517166635308703
-1.3351256037378876 0.0 -5.849567473090942
-0.2691889821030906 0.0 -5.993958399247887
0.8053995949059318 0.0 -5.945698570607609
1.8541019662496834 0.0 -5.706339097770922
2.843211974837991 0.0 -5.2835731911404284
3.7409388111524002 0.0 -4.6909888948081795
4.518428796021665 0.0 -3.9476323556382766
5.150692761611196 0.0 -3.0773956644354383
5.617409223838423 0.0 -2.108248944488057
5.903577531591778 0.0 -1.0713413687918212
5.983929588598629 0.17855689479863665 0.0
5.887765378313016 0.17855689479863665 1.0684718860338545
5.6023635442989335 0.17855689479863665 2.1026022065089847
5.1368971363310045 0.17855689479863665 3.0691531620400583
4.506326627748354 0.17855689479863665 3.9370590096355307
3.7309190735319726 0.17855689479863665 4.678424541238374
2.8355967104818336 0.17855689479863665 5.269421658665281
1.8491359360200643 0.17855689479863665 5.6910552282881035
0.803242411100494 0.17855689479863665 5.929773600257907
-0.2684679858219037 0.17855689479863665 5.9779041696814526
-1.3315496007837908 0.17855689479863665 5.8338999804555005
-2.351834115973826 0.17855689479863665 5.5023894457088165
-3.296528747580906 0.17855689479863665 4.994027586795934
-4.135270232847848 0.17855689479863665 4.325153572143845
-4.841100730319378 0.17855689479863665 3.517265562934841
-5.391334267047495 0.17855689479863665 2.596329744517365
-5.768285884428095 0.17855689479863665 1.591945751843872
-5.959840047321741 0.17855689479863665 0.5363953128487889
-5.959840047321741 0.17855689479863665 -0.5363953128487875
-5.768285884428096 0.17855689479863665 -1.5919457518438707
-5.391334267047496 0.17855689479863665 -2.5963297445173636
-4.841100730319379 0.17855689479863665 -3.5172655629348397
-4.135270232847849 0.17855689479863665 -4.3251535721438445
-3.2965287475809073 0.17855689479863665 -4.994027586795934
-2.351834115973827 0.17855689479863665 -5.502389445708816
-1.3315496007837924 0.17855689479863665 -5.8338999804555005
-0.2684679858219051 0.17855689479863665 -5.977904169681452
0.8032424111004924 0.17855689479863665 -5.929773600257908
1.849135936020063 0.17855689479863665 -5.691055228288104
2.8355967104818323 0.17855689479863665 -5.269421658665282
3.7309190735319713 0.17855689479863665 -4.678424541238375
4.506326627748353 0.17855689479863665 -3.937059009635532
5.136897136331004 0.17855689479863665 -3.0691531620400596
5.602363544298933 0.17855689479863665 -2.102602206508986
5.887765378313016 0.17855689479863665 -1.0684718860338558
5.936234870639737 0.3513748240813427 0.0
5.840837134093396 0.3513748240813427 1.059955665296818
5.557710086200491 0.3513748240813427 2.0858434833765696
5.095953663238012 0.3513748240813427 3.0446905756628637
4.470409096574422 0.3513748240813427 3.905678807667603
3.7011819032820745 0.3513748240813427 4.641135309190679
2.8129956782756267 0.3513748240813427 5.227421903137514
1.8343974576288464 0.3513748240813427 5.645694855980439
0.7968401933466199 0.3513748240813427 5.882510530858954
-0.26632817039206236 0.3513748240813427 5.930257477129875
-1.3209365275987952 0.3513748240813427 5.787401068653737
-2.3330888979383073 0.3513748240813427 5.458532827941607
-3.2702538714261427 0.3513748240813427 4.954222850843661
-4.102310194712494 0.3513748240813427 4.290680074971462
-4.8025148929487145 0.3513748240813427 3.489231311106355
-5.348362811003147 0.3513748240813427 2.5756357819532036
-5.7223099476643595 0.3513748240813427 1.5792571995278961
-5.912337334275331 0.3513748240813427 0.5321199912926097
-5.912337334275331 0.3513748240813427 -0.5321199912926082
-5.7223099476643595 0.3513748240813427 -1.5792571995278948
-5.348362811003147 0.3513748240813427 -2.5756357819532023
-4.802514892948715 0.3513748240813427 -3.4892313111063538
-4.102310194712495 0.3513748240813427 -4.290680074971461
-3.270253871426144 0.3513748240813427 -4.954222850843661
-2.3330888979383086 0.3513748240813427 -5.458532827941606
-1.3209365275987965 0.3513748240813427 -5.787401068653737
-0.2663281703920638 0.3513748240813427 -5.930257477129874
0.7968401933466184 0.3513748240813427 -5.882510530858955
1.834397457628845 0.3513748240813427 -5.64569485598044
2.8129956782756254 0.3513748240813427 -5.227421903137514
3.701181903282073 0.3513748240813427 -4.6411353091906795
4.470409096574421 0.3513748240813427 -3.9056788076676043
5.095953663238011 0.3513748240813427 -3.044690575662865
5.5577100862004905 0.3513748240813427 -2.085843483376571
5.840837134093396 0.3513748240813427 -1.0599556652968192
5.858448793601866 0.5128992774059061 0.0
5.764301111314823 0.5128992774059061 1.0460664249223681
5.484884048427368 0.5128992774059061 2.05851141424141
5.02917829924583 0.5128992774059061 3.0047941529578996
4.411830621504843 0.5128992774059061 3.854500335245458
3.652683077522364 0.5128992774059061 4.580319705264788
2.776135293990669 0.5128992774059061 5.1589238312573
1.8103602378983856 0.5128992774059061 5.571715900536535
0.7863987141906827 0.5128992774059061 5.8054284363494135
-0.2628383112421262 0.5128992774059061 5.852549725495594
-1.3036274970875303 0.5128992774059061 5.7115652509703905
-2.3025170225482636 0.5128992774059061 5.387006369787457
-3.2274017563869792 0.5128992774059061 4.88930467143595
-4.048555142260407 0.5128992774059061 4.234456698011207
-4.739584634699318 0.5128992774059061 3.4435098021898085
-5.278279977235766 0.5128992774059061 2.5418856679967257
-5.647327058320625 0.5128992774059061 1.5585632369637346
-5.834864401114879 0.5128992774059061 0.5251473011046257
-5.834864401114879 0.5128992774059061 -0.5251473011046243
-5.647327058320625 0.5128992774059061 -1.5585632369637332
-5.2782799772357665 0.5128992774059061 -2.5418856679967243
-4.73958463469932 0.5128992774059061 -3.443509802189807
-4.048555142260407 0.5128992774059061 -4.234456698011207
-3.22740175638698 0.5128992774059061 -4.889304671435949
-2.302517022548265 0.5128992774059061 -5.387006369787457
-1.3036274970875317 0.5128992774059061 -5.7115652509703905
-0.2628383112421276 0.5128992774059061 -5.852549725495593
0.7863987141906813 0.5128992774059061 -5.805428436349414
1.8103602378983843 0.5128992774059061 -5.571715900536536
2.776135293990668 0.5128992774059061 -5.158923831257301
3.652683077522363 0.5128992774059061 -4.580319705264788
4.411830621504842 0.5128992774059061 -3.854500335245459
5.029178299245829 0.5128992774059061 -3.004794152957901
5.484884048427367 0.5128992774059061 -2.058511414241411
5.764301111314823 0.5128992774059061 -1.0460664249223695
5.753071466003611 0.6579387259397126 0.0
5.6606172407234485 0.6579387259397126 1.027250576524245
5.3862261197550545 0.6579387259397126 2.021484474294411
4.938717259496119 0.6579387259397126 2.9507461977777893
4.3324739629268825 0.6579387259397126 3.7851685105825306
3.5869813884177253 0.6579387259397126 4.4979323930101245
2.726200280706705 0.6579387259397126 5.066129027415274
1.7777968528487085 0.6579387259397126 5.471496106454446
0.772253571364032 0.6579387259397126 5.701004798670181
-0.25811057531663983 0.6579387259397126 5.747278505854284
-1.280178835732546 0.6579387259397126 5.608829952983724
-2.2611010950333537 0.6579387259397126 5.29010899046361
-3.169349704699611 0.6579387259397126 4.801359572273818
-3.9757328071072005 0.6579387259397126 4.158290506859332
-4.654332585850513 0.6579387259397126 3.3815705631015613
-5.183338285686983 0.6579387259397126 2.496164159080179
-5.545747228156527 0.6579387259397126 1.5305289851352486
-5.729911291657102 0.6579387259397126 0.5157013502846274
-5.729911291657102 0.6579387259397126 -0.5157013502846259
-5.545747228156528 0.6579387259397126 -1.5305289851352473
-5.183338285686984 0.6579387259397126 -2.4961641590801777
-4.654332585850515 0.6579387259397126 -3.38157056310156
-3.975732807107201 0.6579387259397126 -4.158290506859331
-3.1693497046996124 0.6579387259397126 -4.801359572273817
-2.261101095033355 0.6579387259397126 -5.290108990463609
-1.2801788357325474 0.6579387259397126 -5.608829952983724
-0.2581105753166412 0.6579387259397126 -5.7472785058542835
0.7722535713640306 0.6579387259397126 -5.701004798670182
1.7777968528487074 0.6579387259397126 -5.471496106454447
2.7262002807067036 0.6579387259397126 -5.066129027415274
3.5869813884177244 0.6579387259397126 -4.497932393010125
4.332473962926882 0.6579387259397126 -3.7851685105825315
4.938717259496118 0.6579387259397126 -2.9507461977777902
5.386226119755054 0.6579387259397126 -2.0214844742944122
5.6606172407234485 0.6579387259397126 -1.0272505765242463
5.623489801858733 0.7818314824680298 0.0
5.533118007231453 0.7818314824680298 1.0041128769516958
5.264907247187093 0.7818314824680298 1.975952739851337
4.827478036238027 0.7818314824680298 2.8842838558728268
4.234889709142112 0.7818314824680298 3.6999117155699017
3.5061885423155106 0.7818314824680298 4.39662136843106
2.6647955908373464 0.7818314824680298 4.952019992958734
1.7377539164685545 0.7818314824680298 5.34825662037709
0.7548594013957785 0.7818314824680298 5.572595879456322
-0.2522969159382425 0.7818314824680298 5.617827321822666
-1.2513442028034145 0.7818314824680298 5.482497171701912
-2.210172257381045 0.7818314824680298 5.17095505146896
-3.0979635570706576 0.7818314824680298 4.693214181205807
-3.886183759023115 0.7818314824680298 4.0646295455692085
-4.549498817397921 0.7818314824680298 3.305404371949686
-5.066589240441462 0.7818314824680298 2.439940782119924
-5.420835316493702 0.7818314824680298 1.496055487962865
-5.600851285195679 0.7818314824680298 0.5040857394641237
-5.600851285195679 0.7818314824680298 -0.5040857394641223
-5.420835316493702 0.7818314824680298 -1.4960554879628636
-5.066589240441463 0.7818314824680298 -2.4399407821199226
-4.549498817397922 0.7818314824680298 -3.3054043719496846
-3.8861837590231154 0.7818314824680298 -4.064629545569208
-3.097963557070659 0.7818314824680298 -4.693214181205806
-2.2101722573810463 0.7818314824680298 -5.170955051468959
-1.2513442028034159 0.7818314824680298 -5.482497171701912
-0.2522969159382439 0.7818314824680298 -5.6178273218226655
0.754859401395777 0.7818314824680298 -5.572595879456323
1.7377539164685534 0.7818314824680298 -5.348256620377091
2.664795590837345 0.7818314824680298 -4.952019992958734
3.5061885423155092 0.7818314824680298 -4.396621368431061
4.234889709142111 0.7818314824680298 -3.699911715569903
4.827478036238026 0.7818314824680298 -2.8842838558728277
5.264907247187092 0.7818314824680298 -1.9759527398513383
5.533118007231453 0.7818314824680298 -1.0041128769516972
5.473868662472999 0.880595531856738 0.0
5.385901341109989 0.880595531856738 0.9773969909067451
5.124826719109319 0.880595531856738 1.9233796383208244
4.6990359496350065 0.880595531856738 2.8075432815972348
4.122214298359766 0.880595531856738 3.6014701737488033
3.412901287766021 0.880595531856738 4.279642851216556
2.5938948216389424 0.880595531856738 4.820264286144341
1.6915184416806197 0.880595531856738 5.205958460788782
0.7347752672206727 0.880595531856738 5.424328847026581
-0.24558418890285078 0.880595531856738 5.468356840968306
-1.2180503671276928 0.880595531856738 5.336627346662312
-2.1513674043378703 0.880595531856738 5.0333742584429855
-3.015537723021632 0.880595531856738 4.568344380083166
-3.782786178094776 0.880595531856738 3.956484154501197
-4.428452772917119 0.880595531856738 3.2174592727875546
-4.931785251874826 0.880595531856738 2.375022602712212
-5.276606094950855 0.880595531856738 1.4562507520105923
-5.4518324765292085 0.880595531856738 0.49067380393224214
-5.4518324765292085 0.880595531856738 -0.4906738039322408
-5.276606094950856 0.880595531856738 -1.456250752010591
-4.931785251874827 0.880595531856738 -2.3750226027122108
-4.42845277291712 0.880595531856738 -3.2174592727875533
-3.782786178094777 0.880595531856738 -3.9564841545011964
-3.0155377230216334 0.880595531856738 -4.568344380083165
-2.1513674043378717 0.880595531856738 -5.033374258442985
-1.218050367127694 0.880595531856738 -5.336627346662312
-0.2455841889028521 0.880595531856738 -5.468356840968305
0.7347752672206713 0.880595531856738 -5.424328847026582
1.6915184416806186 0.880595531856738 -5.205958460788782
2.593894821638941 0.880595531856738 -4.820264286144342
3.4129012877660196 0.880595531856738 -4.279642851216557
4.122214298359765 0.880595531856738 -3.6014701737488046
4.699035949635006 0.880595531856738 -2.807543281597236
5.124826719109318 0.880595531856738 -1.9233796383208257
5.385901341109989 0.880595531856738 -0.9773969909067464
5.3090169943749475 0.9510565162951535 0.0
5.223698907138475 0.9510565162951535 0.9479615889487817
4.970486838952795 0.9510565162951535 1.865454912443356
4.557519234032979 0.9510565162951535 2.7229909801505863
3.998069210992026 0.9510565162951535 3.493007877271335
3.3101179538874854 0.9510565162951535 4.150756627160129
2.515776782170876 0.9510565162951535 4.675096643798067
1.6405764746872635 0.9510565162951535 5.049175207622004
0.712646689436383 0.9510565162951535 5.260969125797771
-0.23818814678063233 0.9510565162951535 5.303671167530583
-1.1813674199782582 0.9510565162951535 5.175908854063788
-2.086576572265432 0.9510565162951535 4.8817885712753935
-2.924721436679072 0.9510565162951535 4.43076358705719
-3.6688633476490335 0.9510565162951535 3.837330215506548
-4.295084971874736 0.9510565162951535 3.1205618934637065
-4.7832590310967 0.9510565162951535 2.303496144558063
-5.1176952093805745 0.9510565162951535 1.4123941342433821
-5.287644452781314 0.9510565162951535 0.47589661433235464
-5.287644452781314 0.9510565162951535 -0.4758966143323533
-5.117695209380575 0.9510565162951535 -1.412394134243381
-4.7832590310967005 0.9510565162951535 -2.3034961445580615
-4.295084971874738 0.9510565162951535 -3.120561893463705
-3.668863347649034 0.9510565162951535 -3.837330215506547
-2.9247214366790732 0.9510565162951535 -4.43076358705719
-2.086576572265433 0.9510565162951535 -4.881788571275393
-1.1813674199782596 0.9510565162951535 -5.175908854063788
-0.23818814678063363 0.9510565162951535 -5.303671167530582
0.7126466894363817 0.9510565162951535 -5.2609691257977715
1.6405764746872624 0.9510565162951535 -5.049175207622005
2.515776782170875 0.9510565162951535 -4.675096643798068
3.310117953887484 0.9510565162951535 -4.1507566271601295
3.998069210992025 0.9510565162951535 -3.4930078772713364
4.557519234032978 0.9510565162951535 -2.722990980150587
4.9704868389527945 0.9510565162951535 -1.865454912443357
5.223698907138475 0.9510565162951535 -0.9479615889487828
5.134233265817656 0.9909497617679347 0.0
5.051724025005365 0.9909497617679347 0.9167527491162639
4.806848217457029 0.9909497617679347 1.8040403105692564
4.407476353111736 0.9909497617679347 2.6333445320712414
3.8664445722938092 0.9909497617679347 3.3780108935893582
3.201142081601169 0.9909497617679347 4.014105205550892
2.4329522504973884 0.9909497617679347 4.521182873389256
1.5865653322228426 0.9909497617679347 4.882946003635229
0.6891848987403512 0.9909497617679347 5.087767231623012
-0.230346504450879 0.9909497617679347 5.129063434557609
-1.1424743814593228 0.9909497617679347 5.005507318498073
-2.0178821918166117 0.9909497617679347 4.72107007867687
-2.8284336082099166 0.9909497617679347 4.284893762017591
-3.5480768411924304 0.9909497617679347 3.7109974342247365
-4.15368196513167 0.9909497617679347 3.0178265954770396
-4.625784333050673 0.9909497617679347 2.227660326874717
-4.9492101863974005 0.9909497617679347 1.3658952224416183
-5.11356435212961 0.9909497617679347 0.46022912169691366
-5.11356435212961 0.9909497617679347 -0.4602291216969124
-4.949210186397401 0.9909497617679347 -1.3658952224416172
-4.625784333050674 0.9909497617679347 -2.2276603268747155
-4.153681965131671 0.9909497617679347 -3.0178265954770387
-3.5480768411924313 0.9909497617679347 -3.710997434224736
-2.8284336082099175 0.9909497617679347 -4.284893762017591
-2.0178821918166125 0.9909497617679347 -4.721070078676869
-1.142474381459324 0.9909497617679347 -5.005507318498073
-0.23034650445088026 0.9909497617679347 -5.129063434557608
0.6891848987403498 0.9909497617679347 -5.087767231623012
1.5865653322228415 0.9909497617679347 -4.8829460036352295
2.4329522504973875 0.9909497617679347 -4.5211828733892565
3.201142081601168 0.9909497617679347 -4.014105205550893
3.8664445722938083 0.9909497617679347 -3.3780108935893596
4.407476353111735 0.9909497617679347 -2.6333445320712423
4.806848217457028 0.9909497617679347 -1.8040403105692575
5.051724025005365 0.9909497617679347 -0.916752749116265
4.955135169649485 0.9989930665413147 0.0
4.875504108923819 0.9989930665413147 0.8847735492001276
4.639170334559198 0.9989930665413147 1.741109748534862
4.253729808519778 0.9989930665413147 2.541485247961813
3.7315709064539893 0.9989930665413147 3.2601753203782438
3.0894762451079996 0.9989930665413147 3.874080675516529
2.3480832752147167 0.9989930665413147 4.363469890139516
1.5312209768466791 0.9989930665413147 4.712613592218434
0.665143976389973 0.9989930665413147 4.9102900158920715
-0.22231129875019381 0.9989930665413147 4.950145678254857
-1.1026213058301835 0.9989930665413147 4.830899585525099
-1.9474921569009587 0.9989930665413147 4.556384405239146
-2.729769007647053 0.9989930665413147 4.13542328116323
-3.42430883642595 0.9989930665413147 3.581546250193118
-4.008788561671421 0.9989930665413147 2.91255537583573
-4.464422524102558 0.9989930665413147 2.1499525752404347
-4.77656627326995 0.9989930665413147 1.318248529890041
-4.935187252242625 0.9989930665413147 0.4441748921304781
-4.935187252242625 0.9989930665413147 -0.4441748921304769
-4.7765662732699505 0.9989930665413147 -1.31824852989004
-4.464422524102558 0.9989930665413147 -2.149952575240434
-4.008788561671422 0.9989930665413147 -2.9125553758357285
-3.4243088364259506 0.9989930665413147 -3.5815462501931177
-2.7297690076470538 0.9989930665413147 -4.135423281163229
-1.9474921569009598 0.9989930665413147 -4.556384405239145
-1.1026213058301848 0.9989930665413147 -4.830899585525099
-0.22231129875019504 0.9989930665413147 -4.950145678254856
0.6651439763899718 0.9989930665413147 -4.910290015892072
1.531220976846678 0.9989930665413147 -4.7126135922184345
2.348083275214716 0.9989930665413147 -4.363469890139516
3.0894762451079987 0.9989930665413147 -3.8740806755165296
3.731570906453988 0.9989930665413147 -3.2601753203782446
4.253729808519778 0.9989930665413147 -2.541485247961814
4.639170334559197 0.9989930665413147 -1.741109748534863
4.875504108923819 0.9989930665413147 -0.8847735492001287
4.777479066043686 0.9749279121818236 0.0
4.700703011990929 0.9749279121818236 0.8530518269982512
4.472842495381463 0.9749279121818236 1.6786858663833975
4.101221140703372 0.9749279121818236 2.4503655607956496
3.5977831640670805 0.9749279121818236 3.1432884899164306
2.9787094762718254 0.9749279121818236 3.7351835406649134
2.2638976150188723 0.9749279121818236 4.207026719097171
1.4763222216780507 0.9749279121818236 4.543652597224531
0.6412966174105268 0.9749279121818236 4.734241742347286
-0.21434078780118615 0.9749279121818236 4.772668462523917
-1.0630891037327812 0.9749279121818236 4.657697691350339
-1.8776688611577768 0.9749279121818236 4.393024684010335
-2.631898796434076 0.9749279121818236 3.987156248733489
-3.3015373388594416 0.9749279121818236 3.4531373309792595
-3.865061754699893 0.9749279121818236 2.808131738156497
-4.304359905560886 0.9749279121818236 2.072870480730894
-4.605312387418024 0.9749279121818236 1.2709854604910877
-4.758246339879894 0.9749279121818236 0.4282499217807775
-4.758246339879894 0.9749279121818236 -0.4282499217807763
-4.605312387418025 0.9749279121818236 -1.2709854604910868
-4.3043599055608865 0.9749279121818236 -2.0728704807308933
-3.865061754699894 0.9749279121818236 -2.8081317381564963
-3.301537338859442 0.9749279121818236 -3.453137330979259
-2.631898796434077 0.9749279121818236 -3.987156248733488
-1.8776688611577776 0.9749279121818236 -4.393024684010335
-1.0630891037327825 0.9749279121818236 -4.657697691350339
-0.21434078780118732 0.9749279121818236 -4.772668462523917
0.6412966174105256 0.9749279121818236 -4.734241742347286
1.4763222216780498 0.9749279121818236 -4.543652597224532
2.2638976150188714 0.9749279121818236 -4.207026719097172
2.978709476271824 0.9749279121818236 -3.735183540664914
3.5977831640670797 0.9749279121818236 -3.1432884899164315
4.101221140703371 0.9749279121818236 -2.450365560795651
4.472842495381462 0.9749279121818236 -1.6786858663833986
4.700703011990929 0.9749279121818236 -0.8530518269982523
4.606974968346076 0.9195277725514507 0.0
4.53293898528894 0.9195277725514507 0.8226071447629227
4.313210613529996 0.9195277725514507 1.6187750190497519
3.9548521037306843 0.9195277725514507 2.3629141322917997
3.469381393254319 0.9195277725514507 3.031107241109765
2.8724019101822407 0.9195277725514507 3.6018780691951173
2.1831010662967407 0.9195277725514507 4.056881572501392
1.4236335578789232 0.9195277725514507 4.381493564054194
0.6184092955412841 0.9195277725514507 4.565280747353383
-0.20669115038391528 0.9195277725514507 4.602336051107123
-1.0251483726697306 0.9195277725514507 4.491468487363563
-1.81065648276305 0.9195277725514507 4.236241430843558
-2.5379686036872484 0.9195277725514507 3.84485808914518
-3.1837083254414162 0.9195277725514507 3.329897844901904
-3.727121042051961 0.9195277725514507 2.7079119440744073
-4.150741021685548 0.9195277725514507 1.99889152528699
-4.440952769641072 0.9195277725514507 1.2256250881834236
-4.588428641552222 0.9195277725514507 0.41296605229796024
-4.588428641552222 0.9195277725514507 -0.41296605229795913
-4.440952769641072 0.9195277725514507 -1.2256250881834225
-4.150741021685548 0.9195277725514507 -1.998891525286989
-3.727121042051962 0.9195277725514507 -2.7079119440744064
-3.183708325441417 0.9195277725514507 -3.3298978449019034
-2.5379686036872497 0.9195277725514507 -3.8448580891451796
-1.8106564827630511 0.9195277725514507 -4.236241430843557
-1.0251483726697317 0.9195277725514507 -4.491468487363563
-0.20669115038391642 0.9195277725514507 -4.602336051107122
0.618409295541283 0.9195277725514507 -4.565280747353383
1.423633557878922 0.9195277725514507 -4.381493564054195
2.18310106629674 0.9195277725514507 -4.056881572501393
2.87240191018224 0.9195277725514507 -3.601878069195118
3.469381393254318 0.9195277725514507 -3.0311072411097664
3.954852103730684 0.9195277725514507 -2.362914132291801
4.3132106135299955 0.9195277725514507 -1.618775019049753
4.53293898528894 0.9195277725514507 -0.8226071447629237
4.4491030185478975 0.8345732537213026 0.0
4.377604102672755 0.8345732537213026 0.7944180196311537
4.165405389033055 0.8345732537213026 1.5633027904620382
3.8193271188828635 0.8345732537213026 2.281941723317652
3.350492532578956 0.8345732537213026 2.927237171597933
2.7739703594835223 0.8345732537213026 3.478448808644289
2.1082904966038734 0.8345732537213026 3.917860238903604
1.3748484424561773 0.8345732537213026 4.231348417458415
0.5972176281388736 0.8345732537213026 4.408837576311038
-0.19960825213911498 0.8345732537213026 4.444623067857384
-0.9900185589551355 0.8345732537213026 4.337554716954751
-1.7486088546963543 0.8345732537213026 4.091073788497284
-2.450997423087474 0.8345732537213026 3.713102382330788
-3.0746089176131655 0.8345732537213026 3.2157888104453645
-3.5993999517301254 0.8345732537213026 2.61511714023238
-4.008503309802334 0.8345732537213026 1.9303934534067768
-4.288770073289987 0.8345732537213026 1.1836253326556556
-4.431192237810329 0.8345732537213026 0.39881451982281396
-4.431192237810329 0.8345732537213026 -0.39881451982281285
-4.288770073289988 0.8345732537213026 -1.1836253326556545
-4.008503309802335 0.8345732537213026 -1.9303934534067757
-3.5993999517301267 0.8345732537213026 -2.615117140232379
-3.074608917613166 0.8345732537213026 -3.2157888104453636
-2.450997423087475 0.8345732537213026 -3.7131023823307876
-1.7486088546963552 0.8345732537213026 -4.091073788497283
-0.9900185589551366 0.8345732537213026 -4.337554716954751
-0.19960825213911607 0.8345732537213026 -4.444623067857384
0.5972176281388725 0.8345732537213026 -4.408837576311039
1.3748484424561764 0.8345732537213026 -4.231348417458416
2.1082904966038725 0.8345732537213026 -3.9178602389036046
2.773970359483521 0.8345732537213026 -3.4784488086442895
3.3504925325789547 0.8345732537213026 -2.927237171597934
3.819327118882863 0.8345732537213026 -2.2819417233176535
4.1654053890330545 0.8345732537213026 -1.5633027904620391
4.377604102672755 0.8345732537213026 -0.7944180196311547
4.308937351013135 0.7227948638273916 0.0
4.239690955079623 0.7227948638273916 0.7693904732787685
4.0341774034205145 0.7227948638273916 1.5140521036897672
3.6990020706832465 0.7227948638273916 2.2100508537219565
3.244937767845178 0.7227948638273916 2.8350167508796225
2.686578495204876 0.7227948638273916 3.3688628770044646
2.0418703792045405 0.7227948638273916 3.7944309783527754
1.331534869160027 0.7227948638273916 4.098042945988619
0.5784027328301707 0.7227948638273916 4.269940441459422
-0.19331974324420123 0.7227948638273916 4.304598537823021
-0.9588287637066899 0.7227948638273916 4.200903295345514
-1.693520238776711 0.7227948638273916 3.962187564440857
-2.3737805799393543 0.7227948638273916 3.596123865116283
-2.977745660109581 0.7227948638273916 3.1144777858663004
-3.4860035446665942 0.7227948638273916 2.532729827977717
-3.882218407004753 0.7227948638273916 1.8695778494808857
-4.153655575441833 0.7227948638273916 1.1463361006079602
-4.291590836045023 0.7227948638273916 0.3862501662530094
-4.291590836045023 0.7227948638273916 -0.38625016625300834
-4.153655575441834 0.7227948638273916 -1.146336100607959
-3.8822184070047534 0.7227948638273916 -1.8695778494808846
-3.486003544666595 0.7227948638273916 -2.532729827977716
-2.9777456601095813 0.7227948638273916 -3.1144777858663
-2.3737805799393557 0.7227948638273916 -3.5961238651162826
-1.6935202387767119 0.7227948638273916 -3.962187564440856
-0.958828763706691 0.7227948638273916 -4.200903295345514
-0.19331974324420226 0.7227948638273916 -4.304598537823021
0.5784027328301696 0.7227948638273916 -4.269940441459423
1.331534869160026 0.7227948638273916 -4.09804294598862
2.0418703792045396 0.7227948638273916 -3.794430978352776
2.6865784952048752 0.7227948638273916 -3.3688628770044655
3.244937767845177 0.7227948638273916 -2.8350167508796233
3.699002070683246 0.7227948638273916 -2.2100508537219574
4.0341774034205145 0.7227948638273916 -1.514052103689768
4.239690955079623 0.7227948638273916 -0.7693904732787694
4.1909830056250525 0.5877852522924732 0.0
4.123632184548506 0.5877852522924732 0.7483289116382665
3.923744432124708 0.5877852522924732 1.4726059163293996
3.597744305184749 0.5877852522924732 2.149552155205522
3.156109716042278 0.5877852522924732 2.7574100191559343
2.613035163770484 0.5877852522924732 3.276642456286154
1.9859755113226116 0.5877852522924732 3.6905609088409435
1.2950849718747373 0.5877852522924732 3.9858616971819543
0.5625693358313446 0.5877852522924732 4.153053610997609
-0.18802774154925886 0.5877852522924732 4.186762964611908
-0.9325814526067281 0.5877852522924732 4.085906311663536
-1.647161228446842 0.5877852522924732 3.8537252679633887
-2.3087998871159012 0.5877852522924732 3.4976823232951846
-2.8962318177261808 0.5877852522924732 3.029220990853672
-3.390576474687263 0.5877852522924732 2.4633980033147895
-3.7759452139762812 0.5877852522924732 1.8183993770587403
-4.039951967230031 0.5877852522924732 1.1149558986400325
-4.174111340173456 0.5877852522924732 0.3756768202502648
-4.174111340173456 0.5877852522924732 -0.3756768202502637
-4.0399519672300315 0.5877852522924732 -1.1149558986400316
-3.7759452139762817 0.5877852522924732 -1.8183993770587394
-3.390576474687264 0.5877852522924732 -2.463398003314788
-2.896231817726181 0.5877852522924732 -3.0292209908536716
-2.308799887115902 0.5877852522924732 -3.497682323295184
-1.6471612284468429 0.5877852522924732 -3.853725267963388
-0.9325814526067291 0.5877852522924732 -4.085906311663536
-0.18802774154925989 0.5877852522924732 -4.186762964611907
0.5625693358313436 0.5877852522924732 -4.153053610997609
1.2950849718747364 0.5877852522924732 -3.9858616971819547
1.9859755113226107 0.5877852522924732 -3.690560908840944
2.613035163770483 0.5877852522924732 -3.2766424562861545
3.1561097160422773 0.5877852522924732 -2.757410019155935
3.5977443051847486 0.5877852522924732 -2.149552155205523
3.9237444321247077 0.5877852522924732 -1.4726059163294005
4.123632184548506 0.5877852522924732 -0.7483289116382674
4.099031132097581 0.43388373911755823 0.0
4.033158015457748 0.43388373911755823 0.7319102706302842
3.8376558817076343 0.43388373911755823 1.4402963429447344
3.5188083302856596 0.43388373911755823 2.102390105717163
3.0868633838431663 0.43388373911755823 2.6969113206395003
2.555704108364301 0.43388373911755823 3.2047515866904583
1.9424024000022624 0.43388373911755823 3.609588499866796
1.2666702802901326 0.43388373911755823 3.898410268678105
0.5502263355497001 0.43388373911755823 4.061933923831446
-0.18390233634303685 0.43388373911755823 4.09490368050248
-0.9121202358303622 0.43388373911755823 3.9962598635841915
-1.6110218404430698 0.43388373911755823 3.7691729665167397
-2.2581438775507516 0.43388373911755823 3.420941749019593
-2.832687312426981 0.43388373911755823 2.96275864894871
-3.316185846338923 0.43388373911755823 2.409350048134679
-3.6930994385827285 0.43388373911755823 1.7785029543537763
-3.951313776178146 0.43388373911755823 1.090493312262838
-4.0825296378553935 0.43388373911755823 0.3674343178548863
-4.0825296378553935 0.43388373911755823 -0.3674343178548853
-3.9513137761781465 0.43388373911755823 -1.090493312262837
-3.693099438582729 0.43388373911755823 -1.7785029543537754
-3.3161858463389238 0.43388373911755823 -2.409350048134678
-2.8326873124269816 0.43388373911755823 -2.9627586489487094
-2.2581438775507525 0.43388373911755823 -3.4209417490195926
-1.6110218404430707 0.43388373911755823 -3.7691729665167393
-0.9121202358303633 0.43388373911755823 -3.9962598635841915
-0.18390233634303785 0.43388373911755823 -4.094903680502479
0.5502263355496991 0.43388373911755823 -4.061933923831446
1.2666702802901317 0.43388373911755823 -3.8984102686781053
1.9424024000022615 0.43388373911755823 -3.609588499866797
2.5557041083643 0.43388373911755823 -3.204751586690459
3.0868633838431654 0.43388373911755823 -2.6969113206395012
3.518808330285659 0.43388373911755823 -2.1023901057171637
3.837655881707634 0.43388373911755823 -1.4402963429447353
4.033158015457748 0.43388373911755823 -0.7319102706302851
4.036037139304147 0.26603684556667523 0.0
3.9711763620443197 0.26603684556667523 0.720662258886121
3.7786787090135934 0.26603684556667523 1.4181618398087603
3.464731213167972 0.26603684556667523 2.0700805323324976
3.039424405340794 0.26603684556667523 2.655465133279133
2.5164279962792326 0.26603684556667523 3.1555008999181875
1.912551520893404 0.26603684556667523 3.554116271279083
1.2472040659734287 0.26603684556667523 3.8384994213444594
0.5417704461701437 0.26603684556667523 3.999510041679981
-0.1810761215432579 0.26603684556667523 4.031973118468085
-0.89810275372033 0.26603684556667523 3.9348452617100924
-1.5862636244314234 0.26603684556667523 3.7112482406392715
-2.2234406770712334 0.26603684556667523 3.3683686474890804
-2.7891545168968914 0.26603684556667523 2.917226914505636
-3.2652226356255016 0.26603684556667523 2.3723231081876803
-3.6363438122109755 0.26603684556667523 1.7511708852186165
-3.8905899066783336 0.26603684556667523 1.073734589130423
-4.019789240357013 0.26603684556667523 0.361787579875815
-4.019789240357013 0.26603684556667523 -0.361787579875814
-3.890589906678334 0.26603684556667523 -1.0737345891304222
-3.636343812210976 0.26603684556667523 -1.7511708852186156
-3.2652226356255025 0.26603684556667523 -2.3723231081876794
-2.789154516896892 0.26603684556667523 -2.9172269145056355
-2.2234406770712343 0.26603684556667523 -3.36836864748908
-1.5862636244314243 0.26603684556667523 -3.711248240639271
-0.898102753720331 0.26603684556667523 -3.9348452617100924
-0.18107612154325886 0.26603684556667523 -4.031973118468085
0.5417704461701427 0.26603684556667523 -3.9995100416799816
1.2472040659734278 0.26603684556667523 -3.83849942134446
1.9125515208934032 0.26603684556667523 -3.5541162712790833
2.5164279962792317 0.26603684556667523 -3.155500899918188
3.0394244053407933 0.26603684556667523 -2.655465133279134
3.4647312131679717 0.26603684556667523 -2.0700805323324984
3.778678709013593 0.26603684556667523 -1.4181618398087612
3.9711763620443197 0.26603684556667523 -0.7206622588861219
4.004025706004761 8.963930890343362e-2 0.0
3.939679365647602 8.963930890343362e-2 0.7149463967581289
3.74870848889955 8.963930890343362e-2 1.4069138280645967
3.4372510368706473 8.963930890343362e-2 2.053661891324515
3.015317508337149 8.963930890343362e-2 2.6344035716386305
2.496469194074184 8.963930890343362e-2 3.130473353565802
1.8973823058119803 8.963930890343362e-2 3.525927146147313
1.2373119890696183 8.963930890343362e-2 3.8080547391091306
0.537473446934863 8.963930890343362e-2 3.967788319478104
-0.17963993401900408 8.963930890343362e-2 3.9999939185519486
-0.8909795396852702 8.963930890343362e-2 3.903636421877574
-1.5736823298456448 8.963930890343362e-2 3.6818128386813074
-2.205805675094646 8.963930890343362e-2 3.3416527614441294
-2.767032611003151 8.963930890343362e-2 2.8940892149330866
-3.2393248420719982 8.963930890343362e-2 2.3535072597895565
-3.6075025073912936 8.963930890343362e-2 1.7372816448441666
-3.8597320738600827 8.963930890343362e-2 1.0652183683933862
-3.9879066756768804 8.963930890343362e-2 0.35891809711784967
-3.9879066756768804 8.963930890343362e-2 -0.35891809711784867
-3.859732073860083 8.963930890343362e-2 -1.0652183683933854
-3.607502507391294 8.963930890343362e-2 -1.7372816448441657
-3.239324842071999 8.963930890343362e-2 -2.3535072597895557
-2.7670326110031516 8.963930890343362e-2 -2.894089214933086
-2.205805675094647 8.963930890343362e-2 -3.341652761444129
-1.5736823298456457 8.963930890343362e-2 -3.681812838681307
-0.8909795396852712 8.963930890343362e-2 -3.903636421877574
-0.17963993401900505 8.963930890343362e-2 -3.999993918551948
0.537473446934862 8.963930890343362e-2 -3.9677883194781045
1.2373119890696174 8.963930890343362e-2 -3.808054739109131
1.8973823058119794 8.963930890343362e-2 -3.5259271461473136
2.496469194074183 8.963930890343362e-2 -3.1304733535658023
3.015317508337148 8.963930890343362e-2 -2.6344035716386314
3.437251036870647 8.963930890343362e-2 -2.053661891324516
3.7487084888995494 8.963930890343362e-2 -1.4069138280645976
3.939679365647602 8.963930890343362e-2 -0.7149463967581298
4.004025706004761 -8.963930890343337e-2 0.0
3.939679365647602 -8.963930890343337e-2 0.7149463967581289
3.74870848889955 -8.963930890343337e-2 1.4069138280645967
3.4372510368706473 -8.963930890343337e-2 2.053661891324515
3.015317508337149 -8.963930890343337e-2 2.6344035716386305
2.496469194074184 -8.963930890343337e-2 3.130473353565802
1.8973823058119803 -8.963930890343337e-2 3.525927146147313
1.2373119890696183 -8.963930890343337e-2 3.8080547391091306
0.537473446934863 -8.963930890343337e-2 3.967788319478104
-0.17963993401900408 -8.963930890343337e-2 3.9999939185519486
-0.8909795396852702 -8.963930890343337e-2 3.903636421877574
-1.5736823298456448 -8.963930890343337e-2 3.6818128386813074
-2.205805675094646 -8.963930890343337e-2 3.3416527614441294
-2.767032611003151 -8.963930890343337e-2 2.8940892149330866
-3.2393248420719982 -8.963930890343337e-2 2.3535072597895565
-3.6075025073912936 -8.963930890343337e-2 1.7372816448441666
-3.8597320738600827 -8.963930890343337e-2 1.0652183683933862
-3.9879066756768804 -8.963930890343337e-2 0.35891809711784967
-3.9879066756768804 -8.963930890343337e-2 -0.35891809711784867
-3.859732073860083 -8.963930890343337e-2 -1.0652183683933854
-3.607502507391294 -8.963930890343337e-2 -1.7372816448441657
-3.239324842071999 -8.963930890343337e-2 -2.3535072597895557
-2.7670326110031516 -8.963930890343337e-2 -2.894089214933086
-2.205805675094647 -8.963930890343337e-2 -3.341652761444129
-1.5736823298456457 -8.963930890343337e-2 -3.681812838681307
-0.8909795396852712 -8.963930890343337e-2 -3.903636421877574
-0.17963993401900505 -8.963930890343337e-2 -3.999993918551948
0.537473446934862 -8.963930890343337e-2 -3.9677883194781045
1.2373119890696174 -8.963930890343337e-2 -3.808054739109131
1.8973823058119794 -8.963930890343337e-2 -3.5259271461473136
2.496469194074183 -8.963930890343337e-2 -3.1304733535658023
3.015317508337148 -8.963930890343337e-2 -2.6344035716386314
3.437251036870647 -8.963930890343337e-2 -2.053661891324516
3.7487084888995494 -8.963930890343337e-2 -1.4069138280645976
3.939679365647602 -8.963930890343337e-2 -0.7149463967581298
4.036037139304146 -0.266036845566675 0.0
3.971176362044319 -0.266036845566675 0.7206622588861209
3.7786787090135925 -0.266036845566675 1.41816183980876
3.4647312131679713 -0.266036845566675 2.070080532332497
3.0394244053407937 -0.266036845566675 2.655465133279132
2.516427996279232 -0.266036845566675 3.155500899918187
1.9125515208934036 -0.266036845566675 3.554116271279082
1.2472040659734285 -0.266036845566675 3.8384994213444585
0.5417704461701436 -0.266036845566675 3.9995100416799803
-0.18107612154325783 -0.266036845566675 4.031973118468084
-0.8981027537203298 -0.266036845566675 3.9348452617100915
-1.5862636244314232 -0.266036845566675 3.7112482406392706
-2.223440677071233 -0.266036845566675 3.36836864748908
-2.7891545168968905 -0.266036845566675 2.9172269145056355
-3.265222635625501 -0.266036845566675 2.3723231081876794
-3.6363438122109746 -0.266036845566675 1.7511708852186163
-3.8905899066783327 -0.266036845566675 1.0737345891304229
-4.019789240357012 -0.266036845566675 0.36178757987581495
-4.019789240357012 -0.266036845566675 -0.3617875798758139
-3.890589906678333 -0.266036845566675 -1.073734589130422
-3.636343812210975 -0.266036845566675 -1.7511708852186154
-3.265222635625502 -0.266036845566675 -2.3723231081876786
-2.789154516896891 -0.266036845566675 -2.917226914505635
-2.223440677071234 -0.266036845566675 -3.3683686474890795
-1.586263624431424 -0.266036845566675 -3.71124824063927
-0.8981027537203308 -0.266036845566675 -3.9348452617100915
-0.18107612154325883 -0.266036845566675 -4.031973118468084
0.5417704461701425 -0.266036845566675 -3.9995100416799807
1.2472040659734276 -0.266036845566675 -3.838499421344459
1.9125515208934027 -0.266036845566675 -3.5541162712790824
2.5164279962792313 -0.266036845566675 -3.1555008999181875
3.039424405340793 -0.266036845566675 -2.655465133279133
3.464731213167971 -0.266036845566675 -2.070080532332498
3.778678709013592 -0.266036845566675 -1.418161839808761
3.971176362044319 -0.266036845566675 -0.7206622588861218
4.099031132097581 -0.433883739117558 0.0
4.033158015457748 -0.433883739117558 0.7319102706302842
3.8376558817076343 -0.433883739117558 1.4402963429447344
3.5188083302856596 -0.433883739117558 2.102390105717163
3.0868633838431663 -0.433883739117558 2.6969113206395003
2.555704108364301 -0.433883739117558 3.2047515866904583
1.9424024000022624 -0.433883739117558 3.609588499866796
1.2666702802901326 -0.433883739117558 3.898410268678105
0.5502263355497001 -0.433883739117558 4.061933923831446
-0.18390233634303685 -0.433883739117558 4.09490368050248
-0.9121202358303622 -0.433883739117558 3.9962598635841915
-1.6110218404430698 -0.433883739117558 3.7691729665167397
-2.2581438775507516 -0.433883739117558 3.420941749019593
-2.832687312426981 -0.433883739117558 2.96275864894871
-3.316185846338923 -0.433883739117558 2.409350048134679
-3.6930994385827285 -0.433883739117558 1.7785029543537763
-3.951313776178146 -0.433883739117558 1.090493312262838
-4.0825296378553935 -0.433883739117558 0.3674343178548863
-4.0825296378553935 -0.433883739117558 -0.3674343178548853
-3.9513137761781465 -0.433883739117558 -1.090493312262837
-3.693099438582729 -0.433883739117558 -1.7785029543537754
-3.3161858463389238 -0.433883739117558 -2.409350048134678
-2.8326873124269816 -0.433883739117558 -2.9627586489487094
-2.2581438775507525 -0.433883739117558 -3.4209417490195926
-1.6110218404430707 -0.433883739117558 -3.7691729665167393
-0.9121202358303633 -0.433883739117558 -3.9962598635841915
-0.18390233634303785 -0.433883739117558 -4.094903680502479
0.5502263355496991 -0.433883739117558 -4.061933923831446
1.2666702802901317 -0.433883739117558 -3.8984102686781053
1.9424024000022615 -0.433883739117558 -3.609588499866797
2.5557041083643 -0.433883739117558 -3.204751586690459
3.0868633838431654 -0.433883739117558 -2.6969113206395012
3.518808330285659 -0.433883739117558 -2.1023901057171637
3.837655881707634 -0.433883739117558 -1.4402963429447353
4.033158015457748 -0.433883739117558 -0.7319102706302851
4.1909830056250525 -0.587785252292473 0.0
4.123632184548506 -0.587785252292473 0.7483289116382665
3.923744432124708 -0.587785252292473 1.4726059163293996
3.597744305184749 -0.587785252292473 2.149552155205522
3.156109716042278 -0.587785252292473 2.7574100191559343
2.613035163770484 -0.587785252292473 3.276642456286154
1.9859755113226116 -0.587785252292473 3.6905609088409435
1.2950849718747373 -0.587785252292473 3.9858616971819543
0.5625693358313446 -0.587785252292473 4.153053610997609
-0.18802774154925886 -0.587785252292473 4.186762964611908
-0.9325814526067281 -0.587785252292473 4.085906311663536
-1.647161228446842 -0.587785252292473 3.8537252679633887
-2.3087998871159012 -0.587785252292473 3.4976823232951846
-2.8962318177261808 -0.587785252292473 3.029220990853672
-3.390576474687263 -0.587785252292473 2.4633980033147895
-3.7759452139762812 -0.587785252292473 1.8183993770587403
-4.039951967230031 -0.587785252292473 1.1149558986400325
-4.174111340173456 -0.587785252292473 0.3756768202502648
-4.174111340173456 -0.587785252292473 -0.3756768202502637
-4.0399519672300315 -0.587785252292473 -1.1149558986400316
-3.7759452139762817 -0.587785252292473 -1.8183993770587394
-3.390576474687264 -0.587785252292473 -2.463398003314788
-2.896231817726181 -0.587785252292473 -3.0292209908536716
-2.308799887115902 -0.587785252292473 -3.497682323295184
-1.6471612284468429 -0.587785252292473 -3.853725267963388
-0.9325814526067291 -0.587785252292473 -4.085906311663536
-0.18802774154925989 -0.587785252292473 -4.186762964611907
0.5625693358313436 -0.587785252292473 -4.153053610997609
1.2950849718747364 -0.587785252292473 -3.9858616971819547
1.9859755113226107 -0.587785252292473 -3.690560908840944
2.613035163770483 -0.587785252292473 -3.2766424562861545
3.1561097160422773 -0.587785252292473 -2.757410019155935
3.5977443051847486 -0.587785252292473 -2.149552155205523
3.9237444321247077 -0.587785252292473 -1.4726059163294005
4.123632184548506 -0.587785252292473 -0.7483289116382674
4.308937351013135 -0.7227948638273914 0.0
4.239690955079623 -0.7227948638273914 0.7693904732787685
4.0341774034205145 -0.7227948638273914 1.5140521036897672
3.6990020706832465 -0.7227948638273914 2.2100508537219565
3.244937767845178 -0.7227948638273914 2.8350167508796225
2.686578495204876 -0.7227948638273914 3.3688628770044646
2.0418703792045405 -0.7227948638273914 3.7944309783527754
1.331534869160027 -0.7227948638273914 4.098042945988619
0.5784027328301707 -0.7227948638273914 4.269940441459422
-0.19331974324420123 -0.7227948638273914 4.304598537823021
-0.9588287637066899 -0.7227948638273914 4.200903295345514
-1.693520238776711 -0.7227948638273914 3.962187564440857
-2.3737805799393543 -0.7227948638273914 3.596123865116283
-2.977745660109581 -0.7227948638273914 3.1144777858663004
-3.4860035446665942 -0.7227948638273914 2.532729827977717
-3.882218407004753 -0.7227948638273914 1.8695778494808857
-4.153655575441833 -0.7227948638273914 1.1463361006079602
-4.291590836045023 -0.7227948638273914 0.3862501662530094
-4.291590836045023 -0.7227948638273914 -0.38625016625300834
-4.153655575441834 -0.7227948638273914 -1.146336100607959
-3.8822184070047534 -0.7227948638273914 -1.8695778494808846
-3.486003544666595 -0.7227948638273914 -2.532729827977716
-2.9777456601095813 -0.7227948638273914 -3.1144777858663
-2.3737805799393557 -0.7227948638273914 -3.5961238651162826
-1.6935202387767119 -0.7227948638273914 -3.962187564440856
-0.958828763706691 -0.7227948638273914 -4.200903295345514
-0.19331974324420226 -0.7227948638273914 -4.304598537823021
0.5784027328301696 -0.7227948638273914 -4.269940441459423
1.331534869160026 -0.7227948638273914 -4.09804294598862
2.0418703792045396 -0.7227948638273914 -3.794430978352776
2.6865784952048752 -0.7227948638273914 -3.3688628770044655
3.244937767845177 -0.7227948638273914 -2.8350167508796233
3.699002070683246 -0.7227948638273914 -2.2100508537219574
4.0341774034205145 -0.7227948638273914 -1.514052103689768
4.239690955079623 -0.7227948638273914 -0.7693904732787694
4.4491030185478975 -0.8345732537213025 0.0
4.377604102672755 -0.8345732537213025 0.7944180196311537
4.165405389033055 -0.8345732537213025 1.5633027904620382
3.8193271188828635 -0.8345732537213025 2.281941723317652
3.350492532578956 -0.8345732537213025 2.927237171597933
2.7739703594835223 -0.8345732537213025 3.478448808644289
2.1082904966038734 -0.8345732537213025 3.917860238903604
1.3748484424561773 -0.8345732537213025 4.231348417458415
0.5972176281388736 -0.8345732537213025 4.408837576311038
-0.19960825213911498 -0.8345732537213025 4.444623067857384
-0.9900185589551355 -0.8345732537213025 4.337554716954751
-1.7486088546963543 -0.8345732537213025 4.091073788497284
-2.450997423087474 -0.8345732537213025 3.713102382330788
-3.0746089176131655 -0.8345732537213025 3.2157888104453645
-3.5993999517301254 -0.8345732537213025 2.61511714023238
-4.008503309802334 -0.8345732537213025 1.9303934534067768
-4.288770073289987 -0.8345732537213025 1.1836253326556556
-4.431192237810329 -0.8345732537213025 0.39881451982281396
-4.431192237810329 -0.8345732537213025 -0.39881451982281285
-4.288770073289988 -0.8345732537213025 -1.1836253326556545
-4.008503309802335 -0.8345732537213025 -1.9303934534067757
-3.5993999517301267 -0.8345732537213025 -2.615117140232379
-3.074608917613166 -0.8345732537213025 -3.2157888104453636
-2.450997423087475 -0.8345732537213025 -3.7131023823307876
-1.7486088546963552 -0.8345732537213025 -4.091073788497283
-0.9900185589551366 -0.8345732537213025 -4.337554716954751
-0.19960825213911607 -0.8345732537213025 -4.444623067857384
0.5972176281388725 -0.8345732537213025 -4.408837576311039
1.3748484424561764 -0.8345732537213025 -4.231348417458416
2.1082904966038725 -0.8345732537213025 -3.9178602389036046
2.773970359483521 -0.8345732537213025 -3.4784488086442895
3.3504925325789547 -0.8345732537213025 -2.927237171597934
3.819327118882863 -0.8345732537213025 -2.2819417233176535
4.1654053890330545 -0.8345732537213025 -1.5633027904620391
4.377604102672755 -0.8345732537213025 -0.7944180196311547
4.606974968346076 -0.9195277725514506 0.0
4.53293898528894 -0.9195277725514506 0.8226071447629227
4.313210613529996 -0.9195277725514506 1.6187750190497519
3.9548521037306843 -0.9195277725514506 2.3629141322917997
3.469381393254319 -0.9195277725514506 3.031107241109765
2.8724019101822407 -0.9195277725514506 3.6018780691951173
2.1831010662967407 -0.9195277725514506 4.056881572501392
1.4236335578789232 -0.9195277725514506 4.381493564054194
0.6184092955412841 -0.9195277725514506 4.565280747353383
-0.20669115038391528 -0.9195277725514506 4.602336051107123
-1.0251483726697306 -0.9195277725514506 4.491468487363563
-1.81065648276305 -0.9195277725514506 4.236241430843558
-2.5379686036872484 -0.9195277725514506 3.84485808914518
-3.1837083254414162 -0.9195277725514506 3.329897844901904
-3.727121042051961 -0.9195277725514506 2.7079119440744073
-4.150741021685548 -0.9195277725514506 1.99889152528699
-4.440952769641072 -0.9195277725514506 1.2256250881834236
-4.588428641552222 -0.9195277725514506 0.41296605229796024
-4.588428641552222 -0.9195277725514506 -0.41296605229795913
-4.440952769641072 -0.9195277725514506 -1.2256250881834225
-4.150741021685548 -0.9195277725514506 -1.998891525286989
-3.727121042051962 -0.9195277725514506 -2.7079119440744064
-3.183708325441417 -0.9195277725514506 -3.3298978449019034
-2.5379686036872497 -0.9195277725514506 -3.8448580891451796
-1.8106564827630511 -0.9195277725514506 -4.236241430843557
-1.0251483726697317 -0.9195277725514506 -4.491468487363563
-0.20669115038391642 -0.9195277725514506 -4.602336051107122
0.618409295541283 -0.9195277725514506 -4.565280747353383
1.423633557878922 -0.9195277725514506 -4.381493564054195
2.18310106629674 -0.9195277725514506 -4.056881572501393
2.87240191018224 -0.9195277725514506 -3.601878069195118
3.469381393254318 -0.9195277725514506 -3.0311072411097664
3.954852103730684 -0.9195277725514506 -2.362914132291801
4.3132106135299955 -0.9195277725514506 -1.618775019049753
4.53293898528894 -0.9195277725514506 -0.8226071447629237
4.777479066043686 -0.9749279121818236 0.0
4.700703011990929 -0.9749279121818236 0.8530518269982512
4.472842495381463 -0.9749279121818236 1.6786858663833975
4.101221140703372 -0.9749279121818236 2.4503655607956496
3.5977831640670805 -0.9749279121818236 3.1432884899164306
2.9787094762718254 -0.9749279121818236 3.7351835406649134
2.2638976150188723 -0.9749279121818236 4.207026719097171
1.4763222216780507 -0.9749279121818236 4.543652597224531
0.6412966174105268 -0.9749279121818236 4.734241742347286
-0.21434078780118615 -0.9749279121818236 4.772668462523917
-1.0630891037327812 -0.9749279121818236 4.657697691350339
-1.8776688611577768 -0.9749279121818236 4.393024684010335
-2.631898796434076 -0.9749279121818236 3.987156248733489
-3.3015373388594416 -0.9749279121818236 3.4531373309792595
-3.865061754699893 -0.9749279121818236 2.808131738156497
-4.304359905560886 -0.9749279121818236 2.072870480730894
-4.605312387418024 -0.9749279121818236 1.2709854604910877
-4.758246339879894 -0.9749279121818236 0.4282499217807775
-4.758246339879894 -0.9749279121818236 -0.4282499217807763
-4.605312387418025 -0.9749279121818236 -1.2709854604910868
-4.3043599055608865 -0.9749279121818236 -2.0728704807308933
-3.865061754699894 -0.9749279121818236 -2.8081317381564963
-3.301537338859442 -0.9749279121818236 -3.453137330979259
-2.631898796434077 -0.9749279121818236 -3.987156248733488
-1.8776688611577776 -0.9749279121818236 -4.393024684010335
-1.0630891037327825 -0.9749279121818236 -4.657697691350339
-0.21434078780118732 -0.9749279121818236 -4.772668462523917
0.6412966174105256 -0.9749279121818236 -4.734241742347286
1.4763222216780498 -0.9749279121818236 -4.543652597224532
2.2638976150188714 -0.9749279121818236 -4.207026719097172
2.978709476271824 -0.9749279121818236 -3.735183540664914
3.5977831640670797 -0.9749279121818236 -3.1432884899164315
4.101221140703371 -0.9749279121818236 -2.450365560795651
4.472842495381462 -0.9749279121818236 -1.6786858663833986
4.700703011990929 -0.9749279121818236 -0.8530518269982523
4.955135169649485 -0.9989930665413146 0.0
4.875504108923819 -0.9989930665413146 0.8847735492001276
4.639170334559198 -0.9989930665413146 1.741109748534862
4.253729808519778 -0.9989930665413146 2.541485247961813
3.7315709064539893 -0.9989930665413146 3.2601753203782438
3.0894762451079996 -0.9989930665413146 3.874080675516529
2.3480832752147167 -0.9989930665413146 4.363469890139516
1.5312209768466791 -0.9989930665413146 4.712613592218434
0.665143976389973 -0.9989930665413146 4.9102900158920715
-0.22231129875019381 -0.9989930665413146 4.950145678254857
-1.1026213058301835 -0.9989930665413146 4.830899585525099
-1.9474921569009587 -0.9989930665413146 4.556384405239146
-2.729769007647053 -0.9989930665413146 4.13542328116323
-3.42430883642595 -0.9989930665413146 3.581546250193118
-4.008788561671421 -0.9989930665413146 2.91255537583573
-4.464422524102558 -0.9989930665413146 2.1499525752404347
-4.77656627326995 -0.9989930665413146 1.318248529890041
-4.935187252242625 -0.9989930665413146 0.4441748921304781
-4.935187252242625 -0.9989930665413146 -0.4441748921304769
-4.7765662732699505 -0.9989930665413146 -1.31824852989004
-4.464422524102558 -0.9989930665413146 -2.149952575240434
-4.008788561671422 -0.9989930665413146 -2.9125553758357285
-3.4243088364259506 -0.9989930665413146 -3.5815462501931177
-2.7297690076470538 -0.9989930665413146 -4.135423281163229
-1.9474921569009598 -0.9989930665413146 -4.556384405239145
-1.1026213058301848 -0.9989930665413146 -4.830899585525099
-0.22231129875019504 -0.9989930665413146 -4.950145678254856
0.6651439763899718 -0.9989930665413146 -4.910290015892072
1.531220976846678 -0.9989930665413146 -4.7126135922184345
2.348083275214716 -0.9989930665413146 -4.363469890139516
3.0894762451079987 -0.9989930665413146 -3.8740806755165296
3.731570906453988 -0.9989930665413146 -3.2601753203782446
4.253729808519778 -0.9989930665413146 -2.541485247961814
4.639170334559197 -0.9989930665413146 -1.741109748534863
4.875504108923819 -0.9989930665413146 -0.8847735492001287
5.134233265817655 -0.9909497617679348 0.0
5.051724025005364 -0.9909497617679348 0.9167527491162637
4.806848217457028 -0.9909497617679348 1.8040403105692562
4.407476353111735 -0.9909497617679348 2.633344532071241
3.866444572293809 -0.9909497617679348 3.378010893589358
3.2011420816011684 -0.9909497617679348 4.014105205550892
2.432952250497388 -0.9909497617679348 4.521182873389255
1.5865653322228424 -0.9909497617679348 4.882946003635228
0.689184898740351 -0.9909497617679348 5.087767231623011
-0.23034650445087898 -0.9909497617679348 5.129063434557608
-1.1424743814593226 -0.9909497617679348 5.005507318498072
-2.017882191816611 -0.9909497617679348 4.721070078676869
-2.8284336082099157 -0.9909497617679348 4.28489376201759
-3.54807684119243 -0.9909497617679348 3.7109974342247356
-4.153681965131669 -0.9909497617679348 3.017826595477039
-4.625784333050673 -0.9909497617679348 2.2276603268747164
-4.9492101863974 -0.9909497617679348 1.365895222441618
-5.113564352129609 -0.9909497617679348 0.4602291216969136
-5.113564352129609 -0.9909497617679348 -0.4602291216969123
-4.9492101863974005 -0.9909497617679348 -1.365895222441617
-4.625784333050673 -0.9909497617679348 -2.2276603268747155
-4.15368196513167 -0.9909497617679348 -3.0178265954770382
-3.5480768411924304 -0.9909497617679348 -3.710997434224735
-2.828433608209917 -0.9909497617679348 -4.28489376201759
-2.017882191816612 -0.9909497617679348 -4.721070078676868
-1.1424743814593237 -0.9909497617679348 -5.005507318498072
-0.2303465044508802 -0.9909497617679348 -5.129063434557607
0.6891848987403497 -0.9909497617679348 -5.087767231623011
1.5865653322228412 -0.9909497617679348 -4.882946003635229
2.432952250497387 -0.9909497617679348 -4.521182873389256
3.201142081601167 -0.9909497617679348 -4.014105205550892
3.8664445722938074 -0.9909497617679348 -3.3780108935893587
4.4074763531117345 -0.9909497617679348 -2.633344532071242
4.806848217457027 -0.9909497617679348 -1.8040403105692573
5.051724025005364 -0.9909497617679348 -0.9167527491162648
5.3090169943749475 -0.9510565162951536 0.0
5.223698907138475 -0.9510565162951536 0.9479615889487817
4.970486838952795 -0.9510565162951536 1.865454912443356
4.557519234032979 -0.9510565162951536 2.7229909801505863
3.998069210992026 -0.9510565162951536 3.493007877271335
3.3101179538874854 -0.9510565162951536 4.150756627160129
2.515776782170876 -0.9510565162951536 4.675096643798067
1.6405764746872635 -0.9510565162951536 5.049175207622004
0.712646689436383 -0.9510565162951536 5.260969125797771
-0.23818814678063233 -0.9510565162951536 5.303671167530583
-1.1813674199782582 -0.9510565162951536 5.175908854063788
-2.086576572265432 -0.9510565162951536 4.8817885712753935
-2.924721436679072 -0.9510565162951536 4.43076358705719
-3.6688633476490335 -0.9510565162951536 3.837330215506548
-4.295084971874736 -0.9510565162951536 3.1205618934637065
-4.7832590310967 -0.9510565162951536 2.303496144558063
-5.1176952093805745 -0.9510565162951536 1.4123941342433821
-5.287644452781314 -0.9510565162951536 0.47589661433235464
-5.287644452781314 -0.9510565162951536 -0.4758966143323533
-5.117695209380575 -0.9510565162951536 -1.412394134243381
-4.7832590310967005 -0.9510565162951536 -2.3034961445580615
-4.295084971874738 -0.9510565162951536 -3.120561893463705
-3.668863347649034 -0.9510565162951536 -3.837330215506547
-2.9247214366790732 -0.9510565162951536 -4.43076358705719
-2.086576572265433 -0.9510565162951536 -4.881788571275393
-1.1813674199782596 -0.9510565162951536 -5.175908854063788
-0.23818814678063363 -0.9510565162951536 -5.303671167530582
0.7126466894363817 -0.9510565162951536 -5.2609691257977715
1.6405764746872624 -0.9510565162951536 -5.049175207622005
2.515776782170875 -0.9510565162951536 -4.675096643798068
3.310117953887484 -0.9510565162951536 -4.1507566271601295
3.998069210992025 -0.9510565162951536 -3.4930078772713364
4.557519234032978 -0.9510565162951536 -2.722990980150587
4.9704868389527945 -0.9510565162951536 -1.865454912443357
5.223698907138475 -0.9510565162951536 -0.9479615889487828
5.473868662472999 -0.8805955318567381 0.0
5.385901341109989 -0.8805955318567381 0.9773969909067451
5.124826719109319 -0.8805955318567381 1.9233796383208244
4.6990359496350065 -0.8805955318567381 2.8075432815972348
4.122214298359766 -0.8805955318567381 3.6014701737488033
3.412901287766021 -0.8805955318567381 4.279642851216556
2.5938948216389424 -0.8805955318567381 4.820264286144341
1.6915184416806197 -0.8805955318567381 5.205958460788782
0.7347752672206727 -0.8805955318567381 5.424328847026581
-0.24558418890285078 -0.8805955318567381 5.468356840968306
-1.2180503671276928 -0.8805955318567381 5.336627346662312
-2.1513674043378703 -0.8805955318567381 5.0333742584429855
-3.015537723021632 -0.8805955318567381 4.568344380083166
-3.782786178094776 -0.8805955318567381 3.956484154501197
-4.428452772917119 -0.8805955318567381 3.2174592727875546
-4.931785251874826 -0.8805955318567381 2.375022602712212
-5.276606094950855 -0.8805955318567381 1.4562507520105923
-5.4518324765292085 -0.8805955318567381 0.49067380393224214
-5.4518324765292085 -0.8805955318567381 -0.4906738039322408
-5.276606094950856 -0.8805955318567381 -1.456250752010591
-4.931785251874827 -0.8805955318567381 -2.3750226027122108
-4.42845277291712 -0.8805955318567381 -3.2174592727875533
-3.782786178094777 -0.8805955318567381 -3.9564841545011964
-3.0155377230216334 -0.8805955318567381 -4.568344380083165
-2.1513674043378717 -0.8805955318567381 -5.033374258442985
-1.218050367127694 -0.8805955318567381 -5.336627346662312
-0.2455841889028521 -0.8805955318567381 -5.468356840968305
0.7347752672206713 -0.8805955318567381 -5.424328847026582
1.6915184416806186 -0.8805955318567381 -5.205958460788782
2.593894821638941 -0.8805955318567381 -4.820264286144342
3.4129012877660196 -0.8805955318567381 -4.279642851216557
4.122214298359765 -0.8805955318567381 -3.6014701737488046
4.699035949635006 -0.8805955318567381 -2.807543281597236
5.124826719109318 -0.8805955318567381 -1.9233796383208257
5.385901341109989 -0.8805955318567381 -0.9773969909067464
5.623489801858733 -0.7818314824680299 0.0
5.533118007231453 -0.7818314824680299 1.0041128769516958
5.264907247187093 -0.7818314824680299 1.975952739851337
4.827478036238027 -0.7818314824680299 2.8842838558728268
4.234889709142112 -0.7818314824680299 3.6999117155699017
3.5061885423155106 -0.7818314824680299 4.39662136843106
2.6647955908373464 -0.7818314824680299 4.952019992958734
1.7377539164685545 -0.7818314824680299 5.34825662037709
0.7548594013957785 -0.7818314824680299 5.572595879456322
-0.2522969159382425 -0.7818314824680299 5.617827321822666
-1.2513442028034145 -0.7818314824680299 5.482497171701912
-2.210172257381045 -0.7818314824680299 5.17095505146896
-3.0979635570706576 -0.7818314824680299 4.693214181205807
-3.886183759023115 -0.7818314824680299 4.0646295455692085
-4.549498817397921 -0.7818314824680299 3.305404371949686
-5.066589240441462 -0.7818314824680299 2.439940782119924
-5.420835316493702 -0.7818314824680299 1.496055487962865
-5.600851285195679 -0.7818314824680299 0.5040857394641237
-5.600851285195679 -0.7818314824680299 -0.5040857394641223
-5.420835316493702 -0.7818314824680299 -1.4960554879628636
-5.066589240441463 -0.7818314824680299 -2.4399407821199226
-4.549498817397922 -0.7818314824680299 -3.3054043719496846
-3.8861837590231154 -0.7818314824680299 -4.064629545569208
-3.097963557070659 -0.7818314824680299 -4.693214181205806
-2.2101722573810463 -0.7818314824680299 -5.170955051468959
-1.2513442028034159 -0.7818314824680299 -5.482497171701912
-0.2522969159382439 -0.7818314824680299 -5.6178273218226655
0.754859401395777 -0.7818314824680299 -5.572595879456323
1.7377539164685534 -0.7818314824680299 -5.348256620377091
2.664795590837345 -0.7818314824680299 -4.952019992958734
3.5061885423155092 -0.7818314824680299 -4.396621368431061
4.234889709142111 -0.7818314824680299 -3.699911715569903
4.827478036238026 -0.7818314824680299 -2.8842838558728277
5.264907247187092 -0.7818314824680299 -1.9759527398513383
5.533118007231453 -0.7818314824680299 -1.0041128769516972
5.753071466003611 -0.6579387259397128 0.0
5.6606172407234485 -0.6579387259397128 1.027250576524245
5.3862261197550545 -0.6579387259397128 2.021484474294411
4.938717259496119 -0.6579387259397128 2.9507461977777893
4.3324739629268825 -0.6579387259397128 3.7851685105825306
3.5869813884177253 -0.6579387259397128 4.4979323930101245
2.726200280706705 -0.6579387259397128 5.066129027415274
1.7777968528487085 -0.6579387259397128 5.471496106454446
0.772253571364032 -0.6579387259397128 5.701004798670181
-0.25811057531663983 -0.6579387259397128 5.747278505854284
-1.280178835732546 -0.6579387259397128 5.608829952983724
-2.2611010950333537 -0.6579387259397128 5.29010899046361
-3.169349704699611 -0.6579387259397128 4.801359572273818
-3.9757328071072005 -0.6579387259397128 4.158290506859332
-4.654332585850513 -0.6579387259397128 3.3815705631015613
-5.183338285686983 -0.6579387259397128 2.496164159080179
-5.545747228156527 -0.6579387259397128 1.5305289851352486
-5.729911291657102 -0.6579387259397128 0.5157013502846274
-5.729911291657102 -0.6579387259397128 -0.5157013502846259
-5.545747228156528 -0.6579387259397128 -1.5305289851352473
-5.183338285686984 -0.6579387259397128 -2.4961641590801777
-4.654332585850515 -0.6579387259397128 -3.38157056310156
-3.975732807107201 -0.6579387259397128 -4.158290506859331
-3.1693497046996124 -0.6579387259397128 -4.801359572273817
-2.261101095033355 -0.6579387259397128 -5.290108990463609
-1.2801788357325474 -0.6579387259397128 -5.608829952983724
-0.2581105753166412 -0.6579387259397128 -5.7472785058542835
0.7722535713640306 -0.6579387259397128 -5.701004798670182
1.7777968528487074 -0.6579387259397128 -5.471496106454447
2.7262002807067036 -0.6579387259397128 -5.066129027415274
3.5869813884177244 -0.6579387259397128 -4.497932393010125
4.332473962926882 -0.6579387259397128 -3.7851685105825315
4.938717259496118 -0.6579387259397128 -2.9507461977777902
5.386226119755054 -0.6579387259397128 -2.0214844742944122
5.6606172407234485 -0.6579387259397128 -1.0272505765242463
5.858448793601866 -0.5128992774059064 0.0
5.764301111314823 -0.5128992774059064 1.0460664249223681
5.484884048427368 -0.5128992774059064 2.05851141424141
5.02917829924583 -0.5128992774059064 3.0047941529578996
4.411830621504843 -0.5128992774059064 3.854500335245458
3.652683077522364 -0.5128992774059064 4.580319705264788
2.776135293990669 -0.5128992774059064 5.1589238312573
1.8103602378983856 -0.5128992774059064 5.571715900536535
0.7863987141906827 -0.5128992774059064 5.8054284363494135
-0.2628383112421262 -0.5128992774059064 5.852549725495594
-1.3036274970875303 -0.5128992774059064 5.7115652509703905
-2.3025170225482636 -0.5128992774059064 5.387006369787457
-3.2274017563869792 -0.5128992774059064 4.88930467143595
-4.048555142260407 -0.5128992774059064 4.234456698011207
-4.739584634699318 -0.5128992774059064 3.4435098021898085
-5.278279977235766 -0.5128992774059064 2.5418856679967257
-5.647327058320625 -0.5128992774059064 1.5585632369637346
-5.834864401114879 -0.5128992774059064 0.5251473011046257
-5.834864401114879 -0.5128992774059064 -0.5251473011046243
-5.647327058320625 -0.5128992774059064 -1.5585632369637332
-5.2782799772357665 -0.5128992774059064 -2.5418856679967243
-4.73958463469932 -0.5128992774059064 -3.443509802189807
-4.048555142260407 -0.5128992774059064 -4.234456698011207
-3.22740175638698 -0.5128992774059064 -4.889304671435949
-2.302517022548265 -0.5128992774059064 -5.387006369787457
-1.3036274970875317 -0.5128992774059064 -5.7115652509703905
-0.2628383112421276 -0.5128992774059064 -5.852549725495593
0.7863987141906813 -0.5128992774059064 -5.805428436349414
1.8103602378983843 -0.5128992774059064 -5.571715900536536
2.776135293990668 -0.5128992774059064 -5.158923831257301
3.652683077522363 -0.5128992774059064 -4.580319705264788
4.411830621504842 -0.5128992774059064 -3.854500335245459
5.029178299245829 -0.5128992774059064 -3.004794152957901
5.484884048427367 -0.5128992774059064 -2.058511414241411
5.764301111314823 -0.5128992774059064 -1.0460664249223695
5.936234870639737 -0.3513748240813429 0.0
5.840837134093396 -0.3513748240813429 1.059955665296818
5.557710086200491 -0.3513748240813429 2.0858434833765696
5.095953663238012 -0.3513748240813429 3.0446905756628637
4.470409096574422 -0.3513748240813429 3.905678807667603
3.7011819032820745 -0.3513748240813429 4.641135309190679
2.8129956782756267 -0.3513748240813429 5.227421903137514
1.8343974576288464 -0.3513748240813429 5.645694855980439
0.7968401933466199 -0.3513748240813429 5.882510530858954
-0.26632817039206236 -0.3513748240813429 5.930257477129875
-1.3209365275987952 -0.3513748240813429 5.787401068653737
-2.3330888979383073 -0.3513748240813429 5.458532827941607
-3.2702538714261427 -0.3513748240813429 4.954222850843661
-4.102310194712494 -0.3513748240813429 4.290680074971462
-4.8025148929487145 -0.3513748240813429 3.489231311106355
-5.348362811003147 -0.3513748240813429 2.5756357819532036
-5.7223099476643595 -0.3513748240813429 1.5792571995278961
-5.912337334275331 -0.3513748240813429 0.5321199912926097
-5.912337334275331 -0.3513748240813429 -0.5321199912926082
-5.7223099476643595 -0.3513748240813429 -1.5792571995278948
-5.348362811003147 -0.3513748240813429 -2.5756357819532023
-4.802514892948715 -0.3513748240813429 -3.4892313111063538
-4.102310194712495 -0.3513748240813429 -4.290680074971461
-3.270253871426144 -0.3513748240813429 -4.954222850843661
-2.3330888979383086 -0.3513748240813429 -5.458532827941606
-1.3209365275987965 -0.3513748240813429 -5.787401068653737
-0.2663281703920638 -0.3513748240813429 -5.930257477129874
0.7968401933466184 -0.3513748240813429 -5.882510530858955
1.834397457628845 -0.3513748240813429 -5.64569485598044
2.8129956782756254 -0.3513748240813429 -5.227421903137514
3.701181903282073 -0.3513748240813429 -4.6411353091906795
4.470409096574421 -0.3513748240813429 -3.9056788076676043
5.095953663238011 -0.3513748240813429 -3.044690575662865
5.5577100862004905 -0.3513748240813429 -2.085843483376571
5.840837134093396 -0.3513748240813429 -1.0599556652968192
5.983929588598629 -0.17855689479863687 0.0
5.887765378313016 -0.17855689479863687 1.0684718860338545
5.6023635442989335 -0.17855689479863687 2.1026022065089847
5.1368971363310045 -0.17855689479863687 3.0691531620400583
4.506326627748354 -0.17855689479863687 3.9370590096355307
3.7309190735319726 -0.17855689479863687 4.678424541238374
2.8355967104818336 -0.17855689479863687 5.269421658665281
1.8491359360200643 -0.17855689479863687 5.6910552282881035
0.803242411100494 -0.17855689479863687 5.929773600257907
-0.2684679858219037 -0.17855689479863687 5.9779041696814526
-1.3315496007837908 -0.17855689479863687 5.8338999804555005
-2.351834115973826 -0.17855689479863687 5.5023894457088165
-3.296528747580906 -0.17855689479863687 4.994027586795934
-4.135270232847848 -0.17855689479863687 4.325153572143845
-4.841100730319378 -0.17855689479863687 3.517265562934841
-5.391334267047495 -0.17855689479863687 2.596329744517365
-5.768285884428095 -0.17855689479863687 1.591945751843872
-5.959840047321741 -0.17855689479863687 0.5363953128487889
-5.959840047321741 -0.17855689479863687 -0.5363953128487875
-5.768285884428096 -0.17855689479863687 -1.5919457518438707
-5.391334267047496 -0.17855689479863687 -2.5963297445173636
-4.841100730319379 -0.17855689479863687 -3.5172655629348397
-4.135270232847849 -0.17855689479863687 -4.3251535721438445
-3.2965287475809073 -0.17855689479863687 -4.994027586795934
-2.351834115973827 -0.17855689479863687 -5.502389445708816
-1.3315496007837924 -0.17855689479863687 -5.8338999804555005
-0.2684679858219051 -0.17855689479863687 -5.977904169681452
0.8032424111004924 -0.17855689479863687 -5.929773600257908
1.849135936020063 -0.17855689479863687 -5.691055228288104
2.8355967104818323 -0.17855689479863687 -5.269421658665282
3.7309190735319713 -0.17855689479863687 -4.678424541238375
4.506326627748353 -0.17855689479863687 -3.937059009635532
5.136897136331004 -0.17855689479863687 -3.0691531620400596
5.602363544298933 -0.17855689479863687 -2.102602206508986
5.887765378313016 -0.17855689479863687 -1.0684718860338558
