0.0 6.0 0.0
0.0 5.903577531591778 1.0713413687918198
0.0 5.617409223838424 2.1082489444880563
0.0 5.150692761611197 3.0773956644354366
0.0 4.518428796021666 3.9476323556382757
0.0 3.7409388111524016 4.690988894808179
0.0 2.8432119748379923 5.2835731911404284
0.0 1.8541019662496847 5.706339097770921
0.0 0.8053995949059333 5.945698570607608
0.0 -0.26918898210308917 5.993958399247888
0.0 -1.335125603737886 5.849567473090942
0.0 -2.358150189923541 5.517166635308704
0.0 -3.3053818887126143 5.007439522327816
0.0 -4.146375893921188 4.33676918296435
0.0 -4.854101966249684 3.5267115137548393
0.0 -5.405813207414514 2.6033024347053493
0.0 -5.7837771641751194 1.5962210734000513
0.0 -5.975845763971434 0.5378358534206017
0.0 -5.975845763971434 -0.5378358534206003
0.0 -5.78377716417512 -1.59622107340005
0.0 -5.405813207414515 -2.603302434705348
0.0 -4.854101966249686 -3.5267115137548384
0.0 -4.1463758939211885 -4.336769182964349
0.0 -3.305381888712616 -5.007439522327815
0.0 -2.358150189923543 -5.517166635308703
0.0 -1.3351256037378876 -5.849567473090942
0.0 -0.2691889821030906 -5.993958399247887
0.0 0.8053995949059318 -5.945698570607609
0.0 1.8541019662496834 -5.706339097770922
0.0 2.843211974837991 -5.2835731911404284
0.0 3.7409388111524002 -4.6909888948081795
0.0 4.518428796021665 -3.9476323556382766
0.0 5.150692761611196 -3.0773956644354383
0.0 5.617409223838423 -2.108248944488057
0.0 5.903577531591778 -1.0713413687918212
0.17855689479863665 5.983929588598629 0.0
0.17855689479863665 5.887765378313016 1.0684718860338545
0.17855689479863665 5.6023635442989335 2.1026022065089847
0.17855689479863665 5.1368971363310045 3.0691531620400583
0.17855689479863665 4.506326627748354 3.9370590096355307
0.17855689479863665 3.7309190735319726 4.678424541238374
0.17855689479863665 2.8355967104818336 5.269421658665281
0.17855689479863665 1.8491359360200643 5.6910552282881035
0.17855689479863665 0.803242411100494 5.929773600257907
0.17855689479863665 -0.2684679858219037 5.9779041696814526
0.17855689479863665 -1.3315496007837908 5.8338999804555005
0.17855689479863665 -2.351834115973826 5.5023894457088165
0.17855689479863665 -3.296528747580906 4.994027586795934
0.17855689479863665 -4.135270232847848 4.325153572143845
0.17855689479863665 -4.841100730319378 3.517265562934841
0.17855689479863665 -5.391334267047495 2.596329744517365
0.17855689479863665 -5.768285884428095 1.591945751843872
0.17855689479863665 -5.959840047321741 0.5363953128487889
0.17855689479863665 -5.959840047321741 -0.5363953128487875
0.17855689479863665 -5.768285884428096 -1.5919457518438707
0.17855689479863665 -5.391334267047496 -2.5963297445173636
0.17855689479863665 -4.841100730319379 -3.5172655629348397
0.17855689479863665 -4.135270232847849 -4.3251535721438445
0.17855689479863665 -3.2965287475809073 -4.994027586795934
0.17855689479863665 -2.351834115973827 -5.502389445708816
0.17855689479863665 -1.3315496007837924 -5.8338999804555005
0.17855689479863665 -0.2684679858219051 -5.977904169681452
0.17855689479863665 0.8032424111004924 -5.929773600257908
0.17855689479863665 1.849135936020063 -5.691055228288104
0.17855689479863665 2.8355967104818323 -5.269421658665282
0.17855689479863665 3.7309190735319713 -4.678424541238375
0.17855689479863665 4.506326627748353 -3.937059009635532
0.17855689479863665 5.136897136331004 -3.0691531620400596
0.17855689479863665 5.602363544298933 -2.102602206508986
0.17855689479863665 5.887765378313016 -1.0684718860338558
0.3513748240813427 5.936234870639737 0.0
0.3513748240813427 5.840837134093396 1.059955665296818
0.3513748240813427 5.557710086200491 2.0858434833765696
0.3513748240813427 5.095953663238012 3.0446905756628637
0.3513748240813427 4.470409096574422 3.905678807667603
0.3513748240813427 3.7011819032820745 4.641135309190679
0.3513748240813427 2.8129956782756267 5.227421903137514
0.3513748240813427 1.8343974576288464 5.645694855980439
0.3513748240813427 0.7968401933466199 5.882510530858954
0.3513748240813427 -0.26632817039206236 5.930257477129875
0.3513748240813427 -1.3209365275987952 5.787401068653737
0.3513748240813427 -2.3330888979383073 5.458532827941607
0.3513748240813427 -3.2702538714261427 4.954222850843661
0.3513748240813427 -4.102310194712494 4.290680074971462
0.3513748240813427 -4.8025148929487145 3.489231311106355
0.3513748240813427 -5.348362811003147 2.5756357819532036
0.3513748240813427 -5.7223099476643595 1.5792571995278961
0.3513748240813427 -5.912337334275331 0.5321199912926097
0.3513748240813427 -5.912337334275331 -0.5321199912926082
0.3513748240813427 -5.7223099476643595 -1.5792571995278948
0.3513748240813427 -5.348362811003147 -2.5756357819532023
0.3513748240813427 -4.802514892948715 -3.4892313111063538
0.3513748240813427 -4.102310194712495 -4.290680074971461
0.3513748240813427 -3.270253871426144 -4.954222850843661
0.3513748240813427 -2.3330888979383086 -5.458532827941606
0.3513748240813427 -1.3209365275987965 -5.787401068653737
0.3513748240813427 -0.2663281703920638 -5.930257477129874
0.3513748240813427 0.7968401933466184 -5.882510530858955
0.3513748240813427 1.834397457628845 -5.64569485598044
0.3513748240813427 2.8129956782756254 -5.227421903137514
0.3513748240813427 3.701181903282073 -4.6411353091906795
0.3513748240813427 4.470409096574421 -3.9056788076676043
0.3513748240813427 5.095953663238011 -3.044690575662865
0.3513748240813427 5.5577100862004905 -2.085843483376571
0.3513748240813427 5.840837134093396 -1.0599556652968192
0.5128992774059061 5.858448793601866 0.0
0.5128992774059061 5.764301111314823 1.0460664249223681
0.5128992774059061 5.484884048427368 2.05851141424141
0.5128992774059061 5.02917829924583 3.0047941529578996
0.5128992774059061 4.411830621504843 3.854500335245458
0.5128992774059061 3.652683077522364 4.580319705264788
0.5128992774059061 2.776135293990669 5.1589238312573
0.5128992774059061 1.8103602378983856 5.571715900536535
0.5128992774059061 0.7863987141906827 5.8054284363494135
0.5128992774059061 -0.2628383112421262 5.852549725495594
0.5128992774059061 -1.3036274970875303 5.7115652509703905
0.5128992774059061 -2.3025170225482636 5.387006369787457
0.5128992774059061 -3.2274017563869792 4.88930467143595
0.5128992774059061 -4.048555142260407 4.234456698011207
0.5128992774059061 -4.739584634699318 3.4435098021898085
0.5128992774059061 -5.278279977235766 2.5418856679967257
0.5128992774059061 -5.647327058320625 1.5585632369637346
0.5128992774059061 -5.834864401114879 0.5251473011046257
0.5128992774059061 -5.834864401114879 -0.5251473011046243
0.5128992774059061 -5.647327058320625 -1.5585632369637332
0.5128992774059061 -5.2782799772357665 -2.5418856679967243
0.5128992774059061 -4.73958463469932 -3.443509802189807
0.5128992774059061 -4.048555142260407 -4.234456698011207
0.5128992774059061 -3.22740175638698 -4.889304671435949
0.5128992774059061 -2.302517022548265 -5.387006369787457
0.5128992774059061 -1.3036274970875317 -5.7115652509703905
0.5128992774059061 -0.2628383112421276 -5.852549725495593
0.5128992774059061 0.7863987141906813 -5.805428436349414
0.5128992774059061 1.8103602378983843 -5.571715900536536
0.5128992774059061 2.776135293990668 -5.158923831257301
0.5128992774059061 3.652683077522363 -4.580319705264788
0.5128992774059061 4.411830621504842 -3.854500335245459
0.5128992774059061 5.029178299245829 -3.004794152957901
0.5128992774059061 5.484884048427367 -2.058511414241411
0.5128992774059061 5.764301111314823 -1.0460664249223695
0.6579387259397126 5.753071466003611 0.0
0.6579387259397126 5.6606172407234485 1.027250576524245
0.6579387259397126 5.3862261197550545 2.021484474294411
0.6579387259397126 4.938717259496119 2.9507461977777893
0.6579387259397126 4.3324739629268825 3.7851685105825306
0.6579387259397126 3.5869813884177253 4.4979323930101245
0.6579387259397126 2.726200280706705 5.066129027415274
0.6579387259397126 1.7777968528487085 5.471496106454446
0.6579387259397126 0.772253571364032 5.701004798670181
0.6579387259397126 -0.25811057531663983 5.747278505854284
0.6579387259397126 -1.280178835732546 5.608829952983724
0.6579387259397126 -2.2611010950333537 5.29010899046361
0.6579387259397126 -3.169349704699611 4.801359572273818
0.6579387259397126 -3.9757328071072005 4.158290506859332
0.6579387259397126 -4.654332585850513 3.3815705631015613
0.6579387259397126 -5.183338285686983 2.496164159080179
0.6579387259397126 -5.545747228156527 1.5305289851352486
0.6579387259397126 -5.729911291657102 0.5157013502846274
0.6579387259397126 -5.729911291657102 -0.5157013502846259
0.6579387259397126 -5.545747228156528 -1.5305289851352473
0.6579387259397126 -5.183338285686984 -2.4961641590801777
0.6579387259397126 -4.654332585850515 -3.38157056310156
0.6579387259397126 -3.975732807107201 -4.158290506859331
0.6579387259397126 -3.1693497046996124 -4.801359572273817
0.6579387259397126 -2.261101095033355 -5.290108990463609
0.6579387259397126 -1.2801788357325474 -5.608829952983724
0.6579387259397126 -0.2581105753166412 -5.7472785058542835
0.6579387259397126 0.7722535713640306 -5.701004798670182
0.6579387259397126 1.7777968528487074 -5.471496106454447
0.6579387259397126 2.7262002807067036 -5.066129027415274
0.6579387259397126 3.5869813884177244 -4.497932393010125
0.6579387259397126 4.332473962926882 -3.7851685105825315
0.6579387259397126 4.938717259496118 -2.9507461977777902
0.6579387259397126 5.386226119755054 -2.0214844742944122
0.6579387259397126 5.6606172407234485 -1.0272505765242463
0.7818314824680298 5.623489801858733 0.0
0.7818314824680298 5.533118007231453 1.0041128769516958
0.7818314824680298 5.264907247187093 1.975952739851337
0.7818314824680298 4.827478036238027 2.8842838558728268
0.7818314824680298 4.234889709142112 3.6999117155699017
0.7818314824680298 3.5061885423155106 4.39662136843106
0.7818314824680298 2.6647955908373464 4.952019992958734
0.7818314824680298 1.7377539164685545 5.34825662037709
0.7818314824680298 0.7548594013957785 5.572595879456322
0.7818314824680298 -0.2522969159382425 5.617827321822666
0.7818314824680298 -1.2513442028034145 5.482497171701912
0.7818314824680298 -2.210172257381045 5.17095505146896
0.7818314824680298 -3.0979635570706576 4.693214181205807
0.7818314824680298 -3.886183759023115 4.0646295455692085
0.7818314824680298 -4.549498817397921 3.305404371949686
0.7818314824680298 -5.066589240441462 2.439940782119924
0.7818314824680298 -5.420835316493702 1.496055487962865
0.7818314824680298 -5.600851285195679 0.5040857394641237
0.7818314824680298 -5.600851285195679 -0.5040857394641223
0.7818314824680298 -5.420835316493702 -1.4960554879628636
0.7818314824680298 -5.066589240441463 -2.4399407821199226
0.7818314824680298 -4.549498817397922 -3.3054043719496846
0.7818314824680298 -3.8861837590231154 -4.064629545569208
0.7818314824680298 -3.097963557070659 -4.693214181205806
0.7818314824680298 -2.2101722573810463 -5.170955051468959
0.7818314824680298 -1.2513442028034159 -5.482497171701912
0.7818314824680298 -0.2522969159382439 -5.6178273218226655
0.7818314824680298 0.754859401395777 -5.572595879456323
0.7818314824680298 1.7377539164685534 -5.348256620377091
0.7818314824680298 2.664795590837345 -4.952019992958734
0.7818314824680298 3.5061885423155092 -4.396621368431061
0.7818314824680298 4.234889709142111 -3.699911715569903
0.7818314824680298 4.827478036238026 -2.8842838558728277
0.7818314824680298 5.264907247187092 -1.9759527398513383
0.7818314824680298 5.533118007231453 -1.0041128769516972
0.880595531856738 5.473868662472999 0.0
0.880595531856738 5.385901341109989 0.9773969909067451
0.880595531856738 5.124826719109319 1.9233796383208244
0.880595531856738 4.6990359496350065 2.8075432815972348
0.880595531856738 4.122214298359766 3.6014701737488033
0.880595531856738 3.412901287766021 4.279642851216556
0.880595531856738 2.5938948216389424 4.820264286144341
0.880595531856738 1.6915184416806197 5.205958460788782
0.880595531856738 0.7347752672206727 5.424328847026581
0.880595531856738 -0.24558418890285078 5.468356840968306
0.880595531856738 -1.2180503671276928 5.336627346662312
0.880595531856738 -2.1513674043378703 5.0333742584429855
0.880595531856738 -3.015537723021632 4.568344380083166
0.880595531856738 -3.782786178094776 3.956484154501197
0.880595531856738 -4.428452772917119 3.2174592727875546
0.880595531856738 -4.931785251874826 2.375022602712212
0.880595531856738 -5.276606094950855 1.4562507520105923
0.880595531856738 -5.4518324765292085 0.49067380393224214
0.880595531856738 -5.4518324765292085 -0.4906738039322408
0.880595531856738 -5.276606094950856 -1.456250752010591
0.880595531856738 -4.931785251874827 -2.3750226027122108
0.880595531856738 -4.42845277291712 -3.2174592727875533
0.880595531856738 -3.782786178094777 -3.9564841545011964
0.880595531856738 -3.0155377230216334 -4.568344380083165
0.880595531856738 -2.1513674043378717 -5.033374258442985
0.880595531856738 -1.218050367127694 -5.336627346662312
0.880595531856738 -0.2455841889028521 -5.468356840968305
0.880595531856738 0.7347752672206713 -5.424328847026582
0.880595531856738 1.6915184416806186 -5.205958460788782
0.880595531856738 2.593894821638941 -4.820264286144342
0.880595531856738 3.4129012877660196 -4.279642851216557
0.880595531856738 4.122214298359765 -3.6014701737488046
0.880595531856738 4.699035949635006 -2.807543281597236
0.880595531856738 5.124826719109318 -1.9233796383208257
0.880595531856738 5.385901341109989 -0.9773969909067464
0.9510565162951535 5.3090169943749475 0.0
0.9510565162951535 5.223698907138475 0.9479615889487817
0.9510565162951535 4.970486838952795 1.865454912443356
0.9510565162951535 4.557519234032979 2.7229909801505863
0.9510565162951535 3.998069210992026 3.493007877271335
0.9510565162951535 3.3101179538874854 4.150756627160129
0.9510565162951535 2.515776782170876 4.675096643798067
0.9510565162951535 1.6405764746872635 5.049175207622004
0.9510565162951535 0.712646689436383 5.260969125797771
0.9510565162951535 -0.23818814678063233 5.303671167530583
0.9510565162951535 -1.1813674199782582 5.175908854063788
0.9510565162951535 -2.086576572265432 4.8817885712753935
0.9510565162951535 -2.924721436679072 4.43076358705719
0.9510565162951535 -3.6688633476490335 3.837330215506548
0.9510565162951535 -4.295084971874736 3.1205618934637065
0.9510565162951535 -4.7832590310967 2.303496144558063
0.9510565162951535 -5.1176952093805745 1.4123941342433821
0.9510565162951535 -5.287644452781314 0.47589661433235464
0.9510565162951535 -5.287644452781314 -0.4758966143323533
0.9510565162951535 -5.117695209380575 -1.412394134243381
0.9510565162951535 -4.7832590310967005 -2.3034961445580615
0.9510565162951535 -4.295084971874738 -3.120561893463705
0.9510565162951535 -3.668863347649034 -3.837330215506547
0.9510565162951535 -2.9247214366790732 -4.43076358705719
0.9510565162951535 -2.086576572265433 -4.881788571275393
0.9510565162951535 -1.1813674199782596 -5.175908854063788
0.9510565162951535 -0.23818814678063363 -5.303671167530582
0.9510565162951535 0.7126466894363817 -5.2609691257977715
0.9510565162951535 1.6405764746872624 -5.049175207622005
0.9510565162951535 2.515776782170875 -4.675096643798068
0.9510565162951535 3.310117953887484 -4.1507566271601295
0.9510565162951535 3.998069210992025 -3.4930078772713364
0.9510565162951535 4.557519234032978 -2.722990980150587
0.9510565162951535 4.9704868389527945 -1.865454912443357
0.9510565162951535 5.223698907138475 -0.9479615889487828
0.9909497617679347 5.134233265817656 0.0
0.9909497617679347 5.051724025005365 0.9167527491162639
0.9909497617679347 4.806848217457029 1.8040403105692564
0.9909497617679347 4.407476353111736 2.6333445320712414
0.9909497617679347 3.8664445722938092 3.3780108935893582
0.9909497617679347 3.201142081601169 4.014105205550892
0.9909497617679347 2.4329522504973884 4.521182873389256
0.9909497617679347 1.5865653322228426 4.882946003635229
0.9909497617679347 0.6891848987403512 5.087767231623012
0.9909497617679347 -0.230346504450879 5.129063434557609
0.9909497617679347 -1.1424743814593228 5.005507318498073
0.9909497617679347 -2.0178821918166117 4.72107007867687
0.9909497617679347 -2.8284336082099166 4.284893762017591
0.9909497617679347 -3.5480768411924304 3.7109974342247365
0.9909497617679347 -4.15368196513167 3.0178265954770396
0.9909497617679347 -4.625784333050673 2.227660326874717
0.9909497617679347 -4.9492101863974005 1.3658952224416183
0.9909497617679347 -5.11356435212961 0.46022912169691366
0.9909497617679347 -5.11356435212961 -0.4602291216969124
0.9909497617679347 -4.949210186397401 -1.3658952224416172
0.9909497617679347 -4.625784333050674 -2.2276603268747155
0.9909497617679347 -4.153681965131671 -3.0178265954770387
0.9909497617679347 -3.5480768411924313 -3.710997434224736
0.9909497617679347 -2.8284336082099175 -4.284893762017591
0.9909497617679347 -2.0178821918166125 -4.721070078676869
0.9909497617679347 -1.142474381459324 -5.005507318498073
0.9909497617679347 -0.23034650445088026 -5.129063434557608
0.9909497617679347 0.6891848987403498 -5.087767231623012
0.9909497617679347 1.5865653322228415 -4.8829460036352295
0.9909497617679347 2.4329522504973875 -4.5211828733892565
0.9909497617679347 3.201142081601168 -4.014105205550893
0.9909497617679347 3.8664445722938083 -3.3780108935893596
0.9909497617679347 4.407476353111735 -2.6333445320712423
0.9909497617679347 4.806848217457028 -1.8040403105692575
0.9909497617679347 5.051724025005365 -0.916752749116265
0.9989930665413147 4.955135169649485 0.0
0.9989930665413147 4.875504108923819 0.8847735492001276
0.9989930665413147 4.639170334559198 1.741109748534862
0.9989930665413147 4.253729808519778 2.541485247961813
0.9989930665413147 3.7315709064539893 3.2601753203782438
0.9989930665413147 3.0894762451079996 3.874080675516529
0.9989930665413147 2.3480832752147167 4.363469890139516
0.9989930665413147 1.5312209768466791 4.712613592218434
0.9989930665413147 0.665143976389973 4.9102900158920715
0.9989930665413147 -0.22231129875019381 4.950145678254857
0.9989930665413147 -1.1026213058301835 4.830899585525099
0.9989930665413147 -1.9474921569009587 4.556384405239146
0.9989930665413147 -2.729769007647053 4.13542328116323
0.9989930665413147 -3.42430883642595 3.581546250193118
0.9989930665413147 -4.008788561671421 2.91255537583573
0.9989930665413147 -4.464422524102558 2.1499525752404347
0.9989930665413147 -4.77656627326995 1.318248529890041
0.9989930665413147 -4.935187252242625 0.4441748921304781
0.9989930665413147 -4.935187252242625 -0.4441748921304769
0.9989930665413147 -4.7765662732699505 -1.31824852989004
0.9989930665413147 -4.464422524102558 -2.149952575240434
0.9989930665413147 -4.008788561671422 -2.9125553758357285
0.9989930665413147 -3.4243088364259506 -3.5815462501931177
0.9989930665413147 -2.7297690076470538 -4.135423281163229
0.9989930665413147 -1.9474921569009598 -4.556384405239145
0.9989930665413147 -1.1026213058301848 -4.830899585525099
0.9989930665413147 -0.22231129875019504 -4.950145678254856
0.9989930665413147 0.6651439763899718 -4.910290015892072
0.9989930665413147 1.531220976846678 -4.7126135922184345
0.9989930665413147 2.348083275214716 -4.363469890139516
0.9989930665413147 3.0894762451079987 -3.8740806755165296
0.9989930665413147 3.731570906453988 -3.2601753203782446
0.9989930665413147 4.253729808519778 -2.541485247961814
0.9989930665413147 4.639170334559197 -1.741109748534863
0.9989930665413147 4.875504108923819 -0.8847735492001287
0.9749279121818236 4.777479066043686 0.0
0.9749279121818236 4.700703011990929 0.8530518269982512
0.9749279121818236 4.472842495381463 1.6786858663833975
0.9749279121818236 4.101221140703372 2.4503655607956496
0.9749279121818236 3.5977831640670805 3.1432884899164306
0.9749279121818236 2.9787094762718254 3.7351835406649134
0.9749279121818236 2.2638976150188723 4.207026719097171
0.9749279121818236 1.4763222216780507 4.543652597224531
0.9749279121818236 0.6412966174105268 4.734241742347286
0.9749279121818236 -0.21434078780118615 4.772668462523917
0.9749279121818236 -1.0630891037327812 4.657697691350339
0.9749279121818236 -1.8776688611577768 4.393024684010335
0.9749279121818236 -2.631898796434076 3.987156248733489
0.9749279121818236 -3.3015373388594416 3.4531373309792595
0.9749279121818236 -3.865061754699893 2.808131738156497
0.9749279121818236 -4.304359905560886 2.072870480730894
0.9749279121818236 -4.605312387418024 1.2709854604910877
0.9749279121818236 -4.758246339879894 0.4282499217807775
0.9749279121818236 -4.758246339879894 -0.4282499217807763
0.9749279121818236 -4.605312387418025 -1.2709854604910868
0.9749279121818236 -4.3043599055608865 -2.0728704807308933
0.9749279121818236 -3.865061754699894 -2.8081317381564963
0.9749279121818236 -3.301537338859442 -3.453137330979259
0.9749279121818236 -2.631898796434077 -3.987156248733488
0.9749279121818236 -1.8776688611577776 -4.393024684010335
0.9749279121818236 -1.0630891037327825 -4.657697691350339
0.9749279121818236 -0.21434078780118732 -4.772668462523917
0.9749279121818236 0.6412966174105256 -4.734241742347286
0.9749279121818236 1.4763222216780498 -4.543652597224532
0.9749279121818236 2.2638976150188714 -4.207026719097172
0.9749279121818236 2.978709476271824 -3.735183540664914
0.9749279121818236 3.5977831640670797 -3.1432884899164315
0.9749279121818236 4.101221140703371 -2.450365560795651
0.9749279121818236 4.472842495381462 -1.6786858663833986
0.9749279121818236 4.700703011990929 -0.8530518269982523
0.9195277725514507 4.606974968346076 0.0
0.9195277725514507 4.53293898528894 0.8226071447629227
0.9195277725514507 4.313210613529996 1.6187750190497519
0.9195277725514507 3.9548521037306843 2.3629141322917997
0.9195277725514507 3.469381393254319 3.031107241109765
0.9195277725514507 2.8724019101822407 3.6018780691951173
0.9195277725514507 2.1831010662967407 4.056881572501392
0.9195277725514507 1.4236335578789232 4.381493564054194
0.9195277725514507 0.6184092955412841 4.565280747353383
0.9195277725514507 -0.20669115038391528 4.602336051107123
0.9195277725514507 -1.0251483726697306 4.491468487363563
0.9195277725514507 -1.81065648276305 4.236241430843558
0.9195277725514507 -2.5379686036872484 3.84485808914518
0.9195277725514507 -3.1837083254414162 3.329897844901904
0.9195277725514507 -3.727121042051961 2.7079119440744073
0.9195277725514507 -4.150741021685548 1.99889152528699
0.9195277725514507 -4.440952769641072 1.2256250881834236
0.9195277725514507 -4.588428641552222 0.41296605229796024
0.9195277725514507 -4.588428641552222 -0.41296605229795913
0.9195277725514507 -4.440952769641072 -1.2256250881834225
0.9195277725514507 -4.150741021685548 -1.998891525286989
0.9195277725514507 -3.727121042051962 -2.7079119440744064
0.9195277725514507 -3.183708325441417 -3.3298978449019034
0.9195277725514507 -2.5379686036872497 -3.8448580891451796
0.9195277725514507 -1.8106564827630511 -4.236241430843557
0.9195277725514507 -1.0251483726697317 -4.491468487363563
0.9195277725514507 -0.20669115038391642 -4.602336051107122
0.9195277725514507 0.618409295541283 -4.565280747353383
0.9195277725514507 1.423633557878922 -4.381493564054195
0.9195277725514507 2.18310106629674 -4.056881572501393
0.9195277725514507 2.87240191018224 -3.601878069195118
0.9195277725514507 3.469381393254318 -3.0311072411097664
0.9195277725514507 3.954852103730684 -2.362914132291801
0.9195277725514507 4.3132106135299955 -1.618775019049753
0.9195277725514507 4.53293898528894 -0.8226071447629237
0.8345732537213026 4.4491030185478975 0.0
0.8345732537213026 4.377604102672755 0.7944180196311537
0.8345732537213026 4.165405389033055 1.5633027904620382
0.8345732537213026 3.8193271188828635 2.281941723317652
0.8345732537213026 3.350492532578956 2.927237171597933
0.8345732537213026 2.7739703594835223 3.478448808644289
0.8345732537213026 2.1082904966038734 3.917860238903604
0.8345732537213026 1.3748484424561773 4.231348417458415
0.8345732537213026 0.5972176281388736 4.408837576311038
0.8345732537213026 -0.19960825213911498 4.444623067857384
0.8345732537213026 -0.9900185589551355 4.337554716954751
0.8345732537213026 -1.7486088546963543 4.091073788497284
0.8345732537213026 -2.450997423087474 3.713102382330788
0.8345732537213026 -3.0746089176131655 3.2157888104453645
0.8345732537213026 -3.5993999517301254 2.61511714023238
0.8345732537213026 -4.008503309802334 1.9303934534067768
0.8345732537213026 -4.288770073289987 1.1836253326556556
0.8345732537213026 -4.431192237810329 0.39881451982281396
0.8345732537213026 -4.431192237810329 -0.39881451982281285
0.8345732537213026 -4.288770073289988 -1.1836253326556545
0.8345732537213026 -4.008503309802335 -1.9303934534067757
0.8345732537213026 -3.5993999517301267 -2.615117140232379
0.8345732537213026 -3.074608917613166 -3.2157888104453636
0.8345732537213026 -2.450997423087475 -3.7131023823307876
0.8345732537213026 -1.7486088546963552 -4.091073788497283
0.8345732537213026 -0.9900185589551366 -4.337554716954751
0.8345732537213026 -0.19960825213911607 -4.444623067857384
0.8345732537213026 0.5972176281388725 -4.408837576311039
0.8345732537213026 1.3748484424561764 -4.231348417458416
0.8345732537213026 2.1082904966038725 -3.9178602389036046
0.8345732537213026 2.773970359483521 -3.4784488086442895
0.8345732537213026 3.3504925325789547 -2.927237171597934
0.8345732537213026 3.819327118882863 -2.2819417233176535
0.8345732537213026 4.1654053890330545 -1.5633027904620391
0.8345732537213026 4.377604102672755 -0.7944180196311547
0.7227948638273916 4.308937351013135 0.0
0.7227948638273916 4.239690955079623 0.7693904732787685
0.7227948638273916 4.0341774034205145 1.5140521036897672
0.7227948638273916 3.6990020706832465 2.2100508537219565
0.7227948638273916 3.244937767845178 2.8350167508796225
0.7227948638273916 2.686578495204876 3.3688628770044646
0.7227948638273916 2.0418703792045405 3.7944309783527754
0.7227948638273916 1.331534869160027 4.098042945988619
0.7227948638273916 0.5784027328301707 4.269940441459422
0.7227948638273916 -0.19331974324420123 4.304598537823021
0.7227948638273916 -0.9588287637066899 4.200903295345514
0.7227948638273916 -1.693520238776711 3.962187564440857
0.7227948638273916 -2.3737805799393543 3.596123865116283
0.7227948638273916 -2.977745660109581 3.1144777858663004
0.7227948638273916 -3.4860035446665942 2.532729827977717
0.7227948638273916 -3.882218407004753 1.8695778494808857
0.7227948638273916 -4.153655575441833 1.1463361006079602
0.7227948638273916 -4.291590836045023 0.3862501662530094
0.7227948638273916 -4.291590836045023 -0.38625016625300834
0.7227948638273916 -4.153655575441834 -1.146336100607959
0.7227948638273916 -3.8822184070047534 -1.8695778494808846
0.7227948638273916 -3.486003544666595 -2.532729827977716
0.7227948638273916 -2.9777456601095813 -3.1144777858663
0.7227948638273916 -2.3737805799393557 -3.5961238651162826
0.7227948638273916 -1.6935202387767119 -3.962187564440856
0.7227948638273916 -0.958828763706691 -4.200903295345514
0.7227948638273916 -0.19331974324420226 -4.304598537823021
0.7227948638273916 0.5784027328301696 -4.269940441459423
0.7227948638273916 1.331534869160026 -4.09804294598862
0.7227948638273916 2.0418703792045396 -3.794430978352776
0.7227948638273916 2.6865784952048752 -3.3688628770044655
0.7227948638273916 3.244937767845177 -2.8350167508796233
0.7227948638273916 3.699002070683246 -2.2100508537219574
0.7227948638273916 4.0341774034205145 -1.514052103689768
0.7227948638273916 4.239690955079623 -0.7693904732787694
0.5877852522924732 4.1909830056250525 0.0
0.5877852522924732 4.123632184548506 0.7483289116382665
0.5877852522924732 3.923744432124708 1.4726059163293996
0.5877852522924732 3.597744305184749 2.149552155205522
0.5877852522924732 3.156109716042278 2.7574100191559343
0.5877852522924732 2.613035163770484 3.276642456286154
0.5877852522924732 1.9859755113226116 3.6905609088409435
0.5877852522924732 1.2950849718747373 3.9858616971819543
0.5877852522924732 0.5625693358313446 4.153053610997609
0.5877852522924732 -0.18802774154925886 4.186762964611908
0.5877852522924732 -0.9325814526067281 4.085906311663536
0.5877852522924732 -1.647161228446842 3.8537252679633887
0.5877852522924732 -2.3087998871159012 3.4976823232951846
0.5877852522924732 -2.8962318177261808 3.029220990853672
0.5877852522924732 -3.390576474687263 2.4633980033147895
0.5877852522924732 -3.7759452139762812 1.8183993770587403
0.5877852522924732 -4.039951967230031 1.1149558986400325
0.5877852522924732 -4.174111340173456 0.3756768202502648
0.5877852522924732 -4.174111340173456 -0.3756768202502637
0.5877852522924732 -4.0399519672300315 -1.1149558986400316
0.5877852522924732 -3.7759452139762817 -1.8183993770587394
0.5877852522924732 -3.390576474687264 -2.463398003314788
0.5877852522924732 -2.896231817726181 -3.0292209908536716
0.5877852522924732 -2.308799887115902 -3.497682323295184
0.5877852522924732 -1.6471612284468429 -3.853725267963388
0.5877852522924732 -0.9325814526067291 -4.085906311663536
0.5877852522924732 -0.18802774154925989 -4.186762964611907
0.5877852522924732 0.5625693358313436 -4.153053610997609
0.5877852522924732 1.2950849718747364 -3.9858616971819547
0.5877852522924732 1.9859755113226107 -3.690560908840944
0.5877852522924732 2.613035163770483 -3.2766424562861545
0.5877852522924732 3.1561097160422773 -2.757410019155935
0.5877852522924732 3.5977443051847486 -2.149552155205523
0.5877852522924732 3.9237444321247077 -1.4726059163294005
0.5877852522924732 4.123632184548506 -0.7483289116382674
0.43388373911755823 4.099031132097581 0.0
0.43388373911755823 4.033158015457748 0.7319102706302842
0.43388373911755823 3.8376558817076343 1.4402963429447344
0.43388373911755823 3.5188083302856596 2.102390105717163
0.43388373911755823 3.0868633838431663 2.6969113206395003
0.43388373911755823 2.555704108364301 3.2047515866904583
0.43388373911755823 1.9424024000022624 3.609588499866796
0.43388373911755823 1.2666702802901326 3.898410268678105
0.43388373911755823 0.5502263355497001 4.061933923831446
0.43388373911755823 -0.18390233634303685 4.09490368050248
0.43388373911755823 -0.9121202358303622 3.9962598635841915
0.43388373911755823 -1.6110218404430698 3.7691729665167397
0.43388373911755823 -2.2581438775507516 3.420941749019593
0.43388373911755823 -2.832687312426981 2.96275864894871
0.43388373911755823 -3.316185846338923 2.409350048134679
0.43388373911755823 -3.6930994385827285 1.7785029543537763
0.43388373911755823 -3.951313776178146 1.090493312262838
0.43388373911755823 -4.0825296378553935 0.3674343178548863
0.43388373911755823 -4.0825296378553935 -0.3674343178548853
0.43388373911755823 -3.9513137761781465 -1.090493312262837
0.43388373911755823 -3.693099438582729 -1.7785029543537754
0.43388373911755823 -3.3161858463389238 -2.409350048134678
0.43388373911755823 -2.8326873124269816 -2.9627586489487094
0.43388373911755823 -2.2581438775507525 -3.4209417490195926
0.43388373911755823 -1.6110218404430707 -3.7691729665167393
0.43388373911755823 -0.9121202358303633 -3.9962598635841915
0.43388373911755823 -0.18390233634303785 -4.094903680502479
0.43388373911755823 0.5502263355496991 -4.061933923831446
0.43388373911755823 1.2666702802901317 -3.8984102686781053
0.43388373911755823 1.9424024000022615 -3.609588499866797
0.43388373911755823 2.5557041083643 -3.204751586690459
0.43388373911755823 3.0868633838431654 -2.6969113206395012
0.43388373911755823 3.518808330285659 -2.1023901057171637
0.43388373911755823 3.837655881707634 -1.4402963429447353
0.43388373911755823 4.033158015457748 -0.7319102706302851
0.26603684556667523 4.036037139304147 0.0
0.26603684556667523 3.9711763620443197 0.720662258886121
0.26603684556667523 3.7786787090135934 1.4181618398087603
0.26603684556667523 3.464731213167972 2.0700805323324976
0.26603684556667523 3.039424405340794 2.655465133279133
0.26603684556667523 2.5164279962792326 3.1555008999181875
0.26603684556667523 1.912551520893404 3.554116271279083
0.26603684556667523 1.2472040659734287 3.8384994213444594
0.26603684556667523 0.5417704461701437 3.999510041679981
0.26603684556667523 -0.1810761215432579 4.031973118468085
0.26603684556667523 -0.89810275372033 3.9348452617100924
0.26603684556667523 -1.5862636244314234 3.7112482406392715
0.26603684556667523 -2.2234406770712334 3.3683686474890804
0.26603684556667523 -2.7891545168968914 2.917226914505636
0.26603684556667523 -3.2652226356255016 2.3723231081876803
0.26603684556667523 -3.6363438122109755 1.7511708852186165
0.26603684556667523 -3.8905899066783336 1.073734589130423
0.26603684556667523 -4.019789240357013 0.361787579875815
0.26603684556667523 -4.019789240357013 -0.361787579875814
0.26603684556667523 -3.890589906678334 -1.0737345891304222
0.26603684556667523 -3.636343812210976 -1.7511708852186156
0.26603684556667523 -3.2652226356255025 -2.3723231081876794
0.26603684556667523 -2.789154516896892 -2.9172269145056355
0.26603684556667523 -2.2234406770712343 -3.36836864748908
0.26603684556667523 -1.5862636244314243 -3.711248240639271
0.26603684556667523 -0.898102753720331 -3.9348452617100924
0.26603684556667523 -0.18107612154325886 -4.031973118468085
0.26603684556667523 0.5417704461701427 -3.9995100416799816
0.26603684556667523 1.2472040659734278 -3.83849942134446
0.26603684556667523 1.9125515208934032 -3.5541162712790833
0.26603684556667523 2.5164279962792317 -3.155500899918188
0.26603684556667523 3.0394244053407933 -2.655465133279134
0.26603684556667523 3.4647312131679717 -2.0700805323324984
0.26603684556667523 3.778678709013593 -1.4181618398087612
0.26603684556667523 3.9711763620443197 -0.7206622588861219
8.963930890343362e-2 4.004025706004761 0.0
8.963930890343362e-2 3.939679365647602 0.7149463967581289
8.963930890343362e-2 3.74870848889955 1.4069138280645967
8.963930890343362e-2 3.4372510368706473 2.053661891324515
8.963930890343362e-2 3.015317508337149 2.6344035716386305
8.963930890343362e-2 2.496469194074184 3.130473353565802
8.963930890343362e-2 1.8973823058119803 3.525927146147313
8.963930890343362e-2 1.2373119890696183 3.8080547391091306
8.963930890343362e-2 0.537473446934863 3.967788319478104
8.963930890343362e-2 -0.17963993401900408 3.9999939185519486
8.963930890343362e-2 -0.8909795396852702 3.903636421877574
8.963930890343362e-2 -1.5736823298456448 3.6818128386813074
8.963930890343362e-2 -2.205805675094646 3.3416527614441294
8.963930890343362e-2 -2.767032611003151 2.8940892149330866
8.963930890343362e-2 -3.2393248420719982 2.3535072597895565
8.963930890343362e-2 -3.6075025073912936 1.7372816448441666
8.963930890343362e-2 -3.8597320738600827 1.0652183683933862
8.963930890343362e-2 -3.9879066756768804 0.35891809711784967
8.963930890343362e-2 -3.9879066756768804 -0.35891809711784867
8.963930890343362e-2 -3.859732073860083 -1.0652183683933854
8.963930890343362e-2 -3.607502507391294 -1.7372816448441657
8.963930890343362e-2 -3.239324842071999 -2.3535072597895557
8.963930890343362e-2 -2.7670326110031516 -2.894089214933086
8.963930890343362e-2 -2.205805675094647 -3.341652761444129
8.963930890343362e-2 -1.5736823298456457 -3.681812838681307
8.963930890343362e-2 -0.8909795396852712 -3.903636421877574
8.963930890343362e-2 -0.17963993401900505 -3.999993918551948
8.963930890343362e-2 0.537473446934862 -3.9677883194781045
8.963930890343362e-2 1.2373119890696174 -3.808054739109131
8.963930890343362e-2 1.8973823058119794 -3.5259271461473136
8.963930890343362e-2 2.496469194074183 -3.1304733535658023
8.963930890343362e-2 3.015317508337148 -2.6344035716386314
8.963930890343362e-2 3.437251036870647 -2.053661891324516
8.963930890343362e-2 3.7487084888995494 -1.4069138280645976
8.963930890343362e-2 3.939679365647602 -0.7149463967581298
-8.963930890343337e-2 4.004025706004761 0.0
-8.963930890343337e-2 3.939679365647602 0.7149463967581289
-8.963930890343337e-2 3.74870848889955 1.4069138280645967
-8.963930890343337e-2 3.4372510368706473 2.053661891324515
-8.963930890343337e-2 3.015317508337149 2.6344035716386305
-8.963930890343337e-2 2.496469194074184 3.130473353565802
-8.963930890343337e-2 1.8973823058119803 3.525927146147313
-8.963930890343337e-2 1.2373119890696183 3.8080547391091306
-8.963930890343337e-2 0.537473446934863 3.967788319478104
-8.963930890343337e-2 -0.17963993401900408 3.9999939185519486
-8.963930890343337e-2 -0.8909795396852702 3.903636421877574
-8.963930890343337e-2 -1.5736823298456448 3.6818128386813074
-8.963930890343337e-2 -2.205805675094646 3.3416527614441294
-8.963930890343337e-2 -2.767032611003151 2.8940892149330866
-8.963930890343337e-2 -3.2393248420719982 2.3535072597895565
-8.963930890343337e-2 -3.6075025073912936 1.7372816448441666
-8.963930890343337e-2 -3.8597320738600827 1.0652183683933862
-8.963930890343337e-2 -3.9879066756768804 0.35891809711784967
-8.963930890343337e-2 -3.9879066756768804 -0.35891809711784867
-8.963930890343337e-2 -3.859732073860083 -1.0652183683933854
-8.963930890343337e-2 -3.607502507391294 -1.7372816448441657
-8.963930890343337e-2 -3.239324842071999 -2.3535072597895557
-8.963930890343337e-2 -2.7670326110031516 -2.894089214933086
-8.963930890343337e-2 -2.205805675094647 -3.341652761444129
-8.963930890343337e-2 -1.5736823298456457 -3.681812838681307
-8.963930890343337e-2 -0.8909795396852712 -3.903636421877574
-8.963930890343337e-2 -0.17963993401900505 -3.999993918551948
-8.963930890343337e-2 0.537473446934862 -3.9677883194781045
-8.963930890343337e-2 1.2373119890696174 -3.808054739109131
-8.963930890343337e-2 1.8973823058119794 -3.5259271461473136
-8.963930890343337e-2 2.496469194074183 -3.1304733535658023
-8.963930890343337e-2 3.015317508337148 -2.6344035716386314
-8.963930890343337e-2 3.437251036870647 -2.053661891324516
-8.963930890343337e-2 3.7487084888995494 -1.4069138280645976
-8.963930890343337e-2 3.939679365647602 -0.7149463967581298
-0.266036845566675 4.036037139304146 0.0
-0.266036845566675 3.971176362044319 0.7206622588861209
-0.266036845566675 3.7786787090135925 1.41816183980876
-0.266036845566675 3.4647312131679713 2.070080532332497
-0.266036845566675 3.0394244053407937 2.655465133279132
-0.266036845566675 2.516427996279232 3.155500899918187
-0.266036845566675 1.9125515208934036 3.554116271279082
-0.266036845566675 1.2472040659734285 3.8384994213444585
-0.266036845566675 0.5417704461701436 3.9995100416799803
-0.266036845566675 -0.18107612154325783 4.031973118468084
-0.266036845566675 -0.8981027537203298 3.9348452617100915
-0.266036845566675 -1.5862636244314232 3.7112482406392706
-0.266036845566675 -2.223440677071233 3.36836864748908
-0.266036845566675 -2.7891545168968905 2.9172269145056355
-0.266036845566675 -3.265222635625501 2.3723231081876794
-0.266036845566675 -3.6363438122109746 1.7511708852186163
-0.266036845566675 -3.8905899066783327 1.0737345891304229
-0.266036845566675 -4.019789240357012 0.36178757987581495
-0.266036845566675 -4.019789240357012 -0.3617875798758139
-0.266036845566675 -3.890589906678333 -1.073734589130422
-0.266036845566675 -3.636343812210975 -1.7511708852186154
-0.266036845566675 -3.265222635625502 -2.3723231081876786
-0.266036845566675 -2.789154516896891 -2.917226914505635
-0.266036845566675 -2.223440677071234 -3.3683686474890795
-0.266036845566675 -1.586263624431424 -3.71124824063927
-0.266036845566675 -0.8981027537203308 -3.9348452617100915
-0.266036845566675 -0.18107612154325883 -4.031973118468084
-0.266036845566675 0.5417704461701425 -3.9995100416799807
-0.266036845566675 1.2472040659734276 -3.838499421344459
-0.266036845566675 1.9125515208934027 -3.5541162712790824
-0.266036845566675 2.5164279962792313 -3.1555008999181875
-0.266036845566675 3.039424405340793 -2.655465133279133
-0.266036845566675 3.464731213167971 -2.070080532332498
-0.266036845566675 3.778678709013592 -1.418161839808761
-0.266036845566675 3.971176362044319 -0.7206622588861218
-0.433883739117558 4.099031132097581 0.0
-0.433883739117558 4.033158015457748 0.7319102706302842
-0.433883739117558 3.8376558817076343 1.4402963429447344
-0.433883739117558 3.5188083302856596 2.102390105717163
-0.433883739117558 3.0868633838431663 2.6969113206395003
-0.433883739117558 2.555704108364301 3.2047515866904583
-0.433883739117558 1.9424024000022624 3.609588499866796
-0.433883739117558 1.2666702802901326 3.898410268678105
-0.433883739117558 0.5502263355497001 4.061933923831446
-0.433883739117558 -0.18390233634303685 4.09490368050248
-0.433883739117558 -0.9121202358303622 3.9962598635841915
-0.433883739117558 -1.6110218404430698 3.7691729665167397
-0.433883739117558 -2.2581438775507516 3.420941749019593
-0.433883739117558 -2.832687312426981 2.96275864894871
-0.433883739117558 -3.316185846338923 2.409350048134679
-0.433883739117558 -3.6930994385827285 1.7785029543537763
-0.433883739117558 -3.951313776178146 1.090493312262838
-0.433883739117558 -4.0825296378553935 0.3674343178548863
-0.433883739117558 -4.0825296378553935 -0.3674343178548853
-0.433883739117558 -3.9513137761781465 -1.090493312262837
-0.433883739117558 -3.693099438582729 -1.7785029543537754
-0.433883739117558 -3.3161858463389238 -2.409350048134678
-0.433883739117558 -2.8326873124269816 -2.9627586489487094
-0.433883739117558 -2.2581438775507525 -3.4209417490195926
-0.433883739117558 -1.6110218404430707 -3.7691729665167393
-0.433883739117558 -0.9121202358303633 -3.9962598635841915
-0.433883739117558 -0.18390233634303785 -4.094903680502479
-0.433883739117558 0.5502263355496991 -4.061933923831446
-0.433883739117558 1.2666702802901317 -3.8984102686781053
-0.433883739117558 1.9424024000022615 -3.609588499866797
-0.433883739117558 2.5557041083643 -3.204751586690459
-0.433883739117558 3.0868633838431654 -2.6969113206395012
-0.433883739117558 3.518808330285659 -2.1023901057171637
-0.433883739117558 3.837655881707634 -1.4402963429447353
-0.433883739117558 4.033158015457748 -0.7319102706302851
-0.587785252292473 4.1909830056250525 0.0
-0.587785252292473 4.123632184548506 0.7483289116382665
-0.587785252292473 3.923744432124708 1.4726059163293996
-0.587785252292473 3.597744305184749 2.149552155205522
-0.587785252292473 3.156109716042278 2.7574100191559343
-0.587785252292473 2.613035163770484 3.276642456286154
-0.587785252292473 1.9859755113226116 3.6905609088409435
-0.587785252292473 1.2950849718747373 3.9858616971819543
-0.587785252292473 0.5625693358313446 4.153053610997609
-0.587785252292473 -0.18802774154925886 4.186762964611908
-0.587785252292473 -0.9325814526067281 4.085906311663536
-0.587785252292473 -1.647161228446842 3.8537252679633887
-0.587785252292473 -2.3087998871159012 3.4976823232951846
-0.587785252292473 -2.8962318177261808 3.029220990853672
-0.587785252292473 -3.390576474687263 2.4633980033147895
-0.587785252292473 -3.7759452139762812 1.8183993770587403
-0.587785252292473 -4.039951967230031 1.1149558986400325
-0.587785252292473 -4.174111340173456 0.3756768202502648
-0.587785252292473 -4.174111340173456 -0.3756768202502637
-0.587785252292473 -4.0399519672300315 -1.1149558986400316
-0.587785252292473 -3.7759452139762817 -1.8183993770587394
-0.587785252292473 -3.390576474687264 -2.463398003314788
-0.587785252292473 -2.896231817726181 -3.0292209908536716
-0.587785252292473 -2.308799887115902 -3.497682323295184
-0.587785252292473 -1.6471612284468429 -3.853725267963388
-0.587785252292473 -0.9325814526067291 -4.085906311663536
-0.587785252292473 -0.18802774154925989 -4.186762964611907
-0.587785252292473 0.5625693358313436 -4.153053610997609
-0.587785252292473 1.2950849718747364 -3.9858616971819547
-0.587785252292473 1.9859755113226107 -3.690560908840944
-0.587785252292473 2.613035163770483 -3.2766424562861545
-0.587785252292473 3.1561097160422773 -2.757410019155935
-0.587785252292473 3.5977443051847486 -2.149552155205523
-0.587785252292473 3.9237444321247077 -1.4726059163294005
-0.587785252292473 4.123632184548506 -0.7483289116382674
-0.7227948638273914 4.308937351013135 0.0
-0.7227948638273914 4.239690955079623 0.7693904732787685
-0.7227948638273914 4.0341774034205145 1.5140521036897672
-0.7227948638273914 3.6990020706832465 2.2100508537219565
-0.7227948638273914 3.244937767845178 2.8350167508796225
-0.7227948638273914 2.686578495204876 3.3688628770044646
-0.7227948638273914 2.0418703792045405 3.7944309783527754
-0.7227948638273914 1.331534869160027 4.098042945988619
-0.7227948638273914 0.5784027328301707 4.269940441459422
-0.7227948638273914 -0.19331974324420123 4.304598537823021
-0.7227948638273914 -0.9588287637066899 4.200903295345514
-0.7227948638273914 -1.693520238776711 3.962187564440857
-0.7227948638273914 -2.3737805799393543 3.596123865116283
-0.7227948638273914 -2.977745660109581 3.1144777858663004
-0.7227948638273914 -3.4860035446665942 2.532729827977717
-0.7227948638273914 -3.882218407004753 1.8695778494808857
-0.7227948638273914 -4.153655575441833 1.1463361006079602
-0.7227948638273914 -4.291590836045023 0.3862501662530094
-0.7227948638273914 -4.291590836045023 -0.38625016625300834
-0.7227948638273914 -4.153655575441834 -1.146336100607959
-0.7227948638273914 -3.8822184070047534 -1.8695778494808846
-0.7227948638273914 -3.486003544666595 -2.532729827977716
-0.7227948638273914 -2.9777456601095813 -3.1144777858663
-0.7227948638273914 -2.3737805799393557 -3.5961238651162826
-0.7227948638273914 -1.6935202387767119 -3.962187564440856
-0.7227948638273914 -0.958828763706691 -4.200903295345514
-0.7227948638273914 -0.19331974324420226 -4.304598537823021
-0.7227948638273914 0.5784027328301696 -4.269940441459423
-0.7227948638273914 1.331534869160026 -4.09804294598862
-0.7227948638273914 2.0418703792045396 -3.794430978352776
-0.7227948638273914 2.6865784952048752 -3.3688628770044655
-0.7227948638273914 3.244937767845177 -2.8350167508796233
-0.7227948638273914 3.699002070683246 -2.2100508537219574
-0.7227948638273914 4.0341774034205145 -1.514052103689768
-0.7227948638273914 4.239690955079623 -0.7693904732787694
-0.8345732537213025 4.4491030185478975 0.0
-0.8345732537213025 4.377604102672755 0.7944180196311537
-0.8345732537213025 4.165405389033055 1.5633027904620382
-0.8345732537213025 3.8193271188828635 2.281941723317652
-0.8345732537213025 3.350492532578956 2.927237171597933
-0.8345732537213025 2.7739703594835223 3.478448808644289
-0.8345732537213025 2.1082904966038734 3.917860238903604
-0.8345732537213025 1.3748484424561773 4.231348417458415
-0.8345732537213025 0.5972176281388736 4.408837576311038
-0.8345732537213025 -0.19960825213911498 4.444623067857384
-0.8345732537213025 -0.9900185589551355 4.337554716954751
-0.8345732537213025 -1.7486088546963543 4.091073788497284
-0.8345732537213025 -2.450997423087474 3.713102382330788
-0.8345732537213025 -3.0746089176131655 3.2157888104453645
-0.8345732537213025 -3.5993999517301254 2.61511714023238
-0.8345732537213025 -4.008503309802334 1.9303934534067768
-0.8345732537213025 -4.288770073289987 1.1836253326556556
-0.8345732537213025 -4.431192237810329 0.39881451982281396
-0.8345732537213025 -4.431192237810329 -0.39881451982281285
-0.8345732537213025 -4.288770073289988 -1.1836253326556545
-0.8345732537213025 -4.008503309802335 -1.9303934534067757
-0.8345732537213025 -3.5993999517301267 -2.615117140232379
-0.8345732537213025 -3.074608917613166 -3.2157888104453636
-0.8345732537213025 -2.450997423087475 -3.7131023823307876
-0.8345732537213025 -1.7486088546963552 -4.091073788497283
-0.8345732537213025 -0.9900185589551366 -4.337554716954751
-0.8345732537213025 -0.19960825213911607 -4.444623067857384
-0.8345732537213025 0.5972176281388725 -4.408837576311039
-0.8345732537213025 1.3748484424561764 -4.231348417458416
-0.8345732537213025 2.1082904966038725 -3.9178602389036046
-0.8345732537213025 2.773970359483521 -3.4784488086442895
-0.8345732537213025 3.3504925325789547 -2.927237171597934
-0.8345732537213025 3.819327118882863 -2.2819417233176535
-0.8345732537213025 4.1654053890330545 -1.5633027904620391
-0.8345732537213025 4.377604102672755 -0.7944180196311547
-0.9195277725514506 4.606974968346076 0.0
-0.9195277725514506 4.53293898528894 0.8226071447629227
-0.9195277725514506 4.313210613529996 1.6187750190497519
-0.9195277725514506 3.9548521037306843 2.3629141322917997
-0.9195277725514506 3.469381393254319 3.031107241109765
-0.9195277725514506 2.8724019101822407 3.6018780691951173
-0.9195277725514506 2.1831010662967407 4.056881572501392
-0.9195277725514506 1.4236335578789232 4.381493564054194
-0.9195277725514506 0.6184092955412841 4.565280747353383
-0.9195277725514506 -0.20669115038391528 4.602336051107123
-0.9195277725514506 -1.0251483726697306 4.491468487363563
-0.9195277725514506 -1.81065648276305 4.236241430843558
-0.9195277725514506 -2.5379686036872484 3.84485808914518
-0.9195277725514506 -3.1837083254414162 3.329897844901904
-0.9195277725514506 -3.727121042051961 2.7079119440744073
-0.9195277725514506 -4.150741021685548 1.99889152528699
-0.9195277725514506 -4.440952769641072 1.2256250881834236
-0.9195277725514506 -4.588428641552222 0.41296605229796024
-0.9195277725514506 -4.588428641552222 -0.41296605229795913
-0.9195277725514506 -4.440952769641072 -1.2256250881834225
-0.9195277725514506 -4.150741021685548 -1.998891525286989
-0.9195277725514506 -3.727121042051962 -2.7079119440744064
-0.9195277725514506 -3.183708325441417 -3.3298978449019034
-0.9195277725514506 -2.5379686036872497 -3.8448580891451796
-0.9195277725514506 -1.8106564827630511 -4.236241430843557
-0.9195277725514506 -1.0251483726697317 -4.491468487363563
-0.9195277725514506 -0.20669115038391642 -4.602336051107122
-0.9195277725514506 0.618409295541283 -4.565280747353383
-0.9195277725514506 1.423633557878922 -4.381493564054195
-0.9195277725514506 2.18310106629674 -4.056881572501393
-0.9195277725514506 2.87240191018224 -3.601878069195118
-0.9195277725514506 3.469381393254318 -3.0311072411097664
-0.9195277725514506 3.954852103730684 -2.362914132291801
-0.9195277725514506 4.3132106135299955 -1.618775019049753
-0.9195277725514506 4.53293898528894 -0.8226071447629237
-0.9749279121818236 4.777479066043686 0.0
-0.9749279121818236 4.700703011990929 0.8530518269982512
-0.9749279121818236 4.472842495381463 1.6786858663833975
-0.9749279121818236 4.101221140703372 2.4503655607956496
-0.9749279121818236 3.5977831640670805 3.1432884899164306
-0.9749279121818236 2.9787094762718254 3.7351835406649134
-0.9749279121818236 2.2638976150188723 4.207026719097171
-0.9749279121818236 1.4763222216780507 4.543652597224531
-0.9749279121818236 0.6412966174105268 4.734241742347286
-0.9749279121818236 -0.21434078780118615 4.772668462523917
-0.9749279121818236 -1.0630891037327812 4.657697691350339
-0.9749279121818236 -1.8776688611577768 4.393024684010335
-0.9749279121818236 -2.631898796434076 3.987156248733489
-0.9749279121818236 -3.3015373388594416 3.4531373309792595
-0.9749279121818236 -3.865061754699893 2.808131738156497
-0.9749279121818236 -4.304359905560886 2.072870480730894
-0.9749279121818236 -4.605312387418024 1.2709854604910877
-0.9749279121818236 -4.758246339879894 0.4282499217807775
-0.9749279121818236 -4.758246339879894 -0.4282499217807763
-0.9749279121818236 -4.605312387418025 -1.2709854604910868
-0.9749279121818236 -4.3043599055608865 -2.0728704807308933
-0.9749279121818236 -3.865061754699894 -2.8081317381564963
-0.9749279121818236 -3.301537338859442 -3.453137330979259
-0.9749279121818236 -2.631898796434077 -3.987156248733488
-0.9749279121818236 -1.8776688611577776 -4.393024684010335
-0.9749279121818236 -1.0630891037327825 -4.657697691350339
-0.9749279121818236 -0.21434078780118732 -4.772668462523917
-0.9749279121818236 0.6412966174105256 -4.734241742347286
-0.9749279121818236 1.4763222216780498 -4.543652597224532
-0.9749279121818236 2.2638976150188714 -4.207026719097172
-0.9749279121818236 2.978709476271824 -3.735183540664914
-0.9749279121818236 3.5977831640670797 -3.1432884899164315
-0.9749279121818236 4.101221140703371 -2.450365560795651
-0.9749279121818236 4.472842495381462 -1.6786858663833986
-0.9749279121818236 4.700703011990929 -0.8530518269982523
-0.9989930665413146 4.955135169649485 0.0
-0.9989930665413146 4.875504108923819 0.8847735492001276
-0.9989930665413146 4.639170334559198 1.741109748534862
-0.9989930665413146 4.253729808519778 2.541485247961813
-0.9989930665413146 3.7315709064539893 3.2601753203782438
-0.9989930665413146 3.0894762451079996 3.874080675516529
-0.9989930665413146 2.3480832752147167 4.363469890139516
-0.9989930665413146 1.5312209768466791 4.712613592218434
-0.9989930665413146 0.665143976389973 4.9102900158920715
-0.9989930665413146 -0.22231129875019381 4.950145678254857
-0.9989930665413146 -1.1026213058301835 4.830899585525099
-0.9989930665413146 -1.9474921569009587 4.556384405239146
-0.9989930665413146 -2.729769007647053 4.13542328116323
-0.9989930665413146 -3.42430883642595 3.581546250193118
-0.9989930665413146 -4.008788561671421 2.91255537583573
-0.9989930665413146 -4.464422524102558 2.1499525752404347
-0.9989930665413146 -4.77656627326995 1.318248529890041
-0.9989930665413146 -4.935187252242625 0.4441748921304781
-0.9989930665413146 -4.935187252242625 -0.4441748921304769
-0.9989930665413146 -4.7765662732699505 -1.31824852989004
-0.9989930665413146 -4.464422524102558 -2.149952575240434
-0.9989930665413146 -4.008788561671422 -2.9125553758357285
-0.9989930665413146 -3.4243088364259506 -3.5815462501931177
-0.9989930665413146 -2.7297690076470538 -4.135423281163229
-0.9989930665413146 -1.9474921569009598 -4.556384405239145
-0.9989930665413146 -1.1026213058301848 -4.830899585525099
-0.9989930665413146 -0.22231129875019504 -4.950145678254856
-0.9989930665413146 0.6651439763899718 -4.910290015892072
-0.9989930665413146 1.531220976846678 -4.7126135922184345
-0.9989930665413146 2.348083275214716 -4.363469890139516
-0.9989930665413146 3.0894762451079987 -3.8740806755165296
-0.9989930665413146 3.731570906453988 -3.2601753203782446
-0.9989930665413146 4.253729808519778 -2.541485247961814
-0.9989930665413146 4.639170334559197 -1.741109748534863
-0.9989930665413146 4.875504108923819 -0.8847735492001287
-0.9909497617679348 5.134233265817655 0.0
-0.9909497617679348 5.051724025005364 0.9167527491162637
-0.9909497617679348 4.806848217457028 1.8040403105692562
-0.9909497617679348 4.407476353111735 2.633344532071241
-0.9909497617679348 3.866444572293809 3.378010893589358
-0.9909497617679348 3.2011420816011684 4.014105205550892
-0.9909497617679348 2.432952250497388 4.521182873389255
-0.9909497617679348 1.5865653322228424 4.882946003635228
-0.9909497617679348 0.689184898740351 5.087767231623011
-0.9909497617679348 -0.23034650445087898 5.129063434557608
-0.9909497617679348 -1.1424743814593226 5.005507318498072
-0.9909497617679348 -2.017882191816611 4.721070078676869
-0.9909497617679348 -2.8284336082099157 4.28489376201759
-0.9909497617679348 -3.54807684119243 3.7109974342247356
-0.9909497617679348 -4.153681965131669 3.017826595477039
-0.9909497617679348 -4.625784333050673 2.2276603268747164
-0.9909497617679348 -4.9492101863974 1.365895222441618
-0.9909497617679348 -5.113564352129609 0.4602291216969136
-0.9909497617679348 -5.113564352129609 -0.4602291216969123
-0.9909497617679348 -4.9492101863974005 -1.365895222441617
-0.9909497617679348 -4.625784333050673 -2.2276603268747155
-0.9909497617679348 -4.15368196513167 -3.0178265954770382
-0.9909497617679348 -3.5480768411924304 -3.710997434224735
-0.9909497617679348 -2.828433608209917 -4.28489376201759
-0.9909497617679348 -2.017882191816612 -4.721070078676868
-0.9909497617679348 -1.1424743814593237 -5.005507318498072
-0.9909497617679348 -0.2303465044508802 -5.129063434557607
-0.9909497617679348 0.6891848987403497 -5.087767231623011
-0.9909497617679348 1.5865653322228412 -4.882946003635229
-0.9909497617679348 2.432952250497387 -4.521182873389256
-0.9909497617679348 3.201142081601167 -4.014105205550892
-0.9909497617679348 3.8664445722938074 -3.3780108935893587
-0.9909497617679348 4.4074763531117345 -2.633344532071242
-0.9909497617679348 4.806848217457027 -1.8040403105692573
-0.9909497617679348 5.051724025005364 -0.9167527491162648
-0.9510565162951536 5.3090169943749475 0.0
-0.9510565162951536 5.223698907138475 0.9479615889487817
-0.9510565162951536 4.970486838952795 1.865454912443356
-0.9510565162951536 4.557519234032979 2.7229909801505863
-0.9510565162951536 3.998069210992026 3.493007877271335
-0.9510565162951536 3.3101179538874854 4.150756627160129
-0.9510565162951536 2.515776782170876 4.675096643798067
-0.9510565162951536 1.6405764746872635 5.049175207622004
-0.9510565162951536 0.712646689436383 5.260969125797771
-0.9510565162951536 -0.23818814678063233 5.303671167530583
-0.9510565162951536 -1.1813674199782582 5.175908854063788
-0.9510565162951536 -2.086576572265432 4.8817885712753935
-0.9510565162951536 -2.924721436679072 4.43076358705719
-0.9510565162951536 -3.6688633476490335 3.837330215506548
-0.9510565162951536 -4.295084971874736 3.1205618934637065
-0.9510565162951536 -4.7832590310967 2.303496144558063
-0.9510565162951536 -5.1176952093805745 1.4123941342433821
-0.9510565162951536 -5.287644452781314 0.47589661433235464
-0.9510565162951536 -5.287644452781314 -0.4758966143323533
-0.9510565162951536 -5.117695209380575 -1.412394134243381
-0.9510565162951536 -4.7832590310967005 -2.3034961445580615
-0.9510565162951536 -4.295084971874738 -3.120561893463705
-0.9510565162951536 -3.668863347649034 -3.837330215506547
-0.9510565162951536 -2.9247214366790732 -4.43076358705719
-0.9510565162951536 -2.086576572265433 -4.881788571275393
-0.9510565162951536 -1.1813674199782596 -5.175908854063788
-0.9510565162951536 -0.23818814678063363 -5.303671167530582
-0.9510565162951536 0.7126466894363817 -5.2609691257977715
-0.9510565162951536 1.6405764746872624 -5.049175207622005
-0.9510565162951536 2.515776782170875 -4.675096643798068
-0.9510565162951536 3.310117953887484 -4.1507566271601295
-0.9510565162951536 3.998069210992025 -3.4930078772713364
-0.9510565162951536 4.557519234032978 -2.722990980150587
-0.9510565162951536 4.9704868389527945 -1.865454912443357
-0.9510565162951536 5.223698907138475 -0.9479615889487828
-0.8805955318567381 5.473868662472999 0.0
-0.8805955318567381 5.385901341109989 0.9773969909067451
-0.8805955318567381 5.124826719109319 1.9233796383208244
-0.8805955318567381 4.6990359496350065 2.8075432815972348
-0.8805955318567381 4.122214298359766 3.6014701737488033
-0.8805955318567381 3.412901287766021 4.279642851216556
-0.8805955318567381 2.5938948216389424 4.820264286144341
-0.8805955318567381 1.6915184416806197 5.205958460788782
-0.8805955318567381 0.7347752672206727 5.424328847026581
-0.8805955318567381 -0.24558418890285078 5.468356840968306
-0.8805955318567381 -1.2180503671276928 5.336627346662312
-0.8805955318567381 -2.1513674043378703 5.0333742584429855
-0.8805955318567381 -3.015537723021632 4.568344380083166
-0.8805955318567381 -3.782786178094776 3.956484154501197
-0.8805955318567381 -4.428452772917119 3.2174592727875546
-0.8805955318567381 -4.931785251874826 2.375022602712212
-0.8805955318567381 -5.276606094950855 1.4562507520105923
-0.8805955318567381 -5.4518324765292085 0.49067380393224214
-0.8805955318567381 -5.4518324765292085 -0.4906738039322408
-0.8805955318567381 -5.276606094950856 -1.456250752010591
-0.8805955318567381 -4.931785251874827 -2.3750226027122108
-0.8805955318567381 -4.42845277291712 -3.2174592727875533
-0.8805955318567381 -3.782786178094777 -3.9564841545011964
-0.8805955318567381 -3.0155377230216334 -4.568344380083165
-0.8805955318567381 -2.1513674043378717 -5.033374258442985
-0.8805955318567381 -1.218050367127694 -5.336627346662312
-0.8805955318567381 -0.2455841889028521 -5.468356840968305
-0.8805955318567381 0.7347752672206713 -5.424328847026582
-0.8805955318567381 1.6915184416806186 -5.205958460788782
-0.8805955318567381 2.593894821638941 -4.820264286144342
-0.8805955318567381 3.4129012877660196 -4.279642851216557
-0.8805955318567381 4.122214298359765 -3.6014701737488046
-0.8805955318567381 4.699035949635006 -2.807543281597236
-0.8805955318567381 5.124826719109318 -1.9233796383208257
-0.8805955318567381 5.385901341109989 -0.9773969909067464
-0.7818314824680299 5.623489801858733 0.0
-0.7818314824680299 5.533118007231453 1.0041128769516958
-0.7818314824680299 5.264907247187093 1.975952739851337
-0.7818314824680299 4.827478036238027 2.8842838558728268
-0.7818314824680299 4.234889709142112 3.6999117155699017
-0.7818314824680299 3.5061885423155106 4.39662136843106
-0.7818314824680299 2.6647955908373464 4.952019992958734
-0.7818314824680299 1.7377539164685545 5.34825662037709
-0.7818314824680299 0.7548594013957785 5.572595879456322
-0.7818314824680299 -0.2522969159382425 5.617827321822666
-0.7818314824680299 -1.2513442028034145 5.482497171701912
-0.7818314824680299 -2.210172257381045 5.17095505146896
-0.7818314824680299 -3.0979635570706576 4.693214181205807
-0.7818314824680299 -3.886183759023115 4.0646295455692085
-0.7818314824680299 -4.549498817397921 3.305404371949686
-0.7818314824680299 -5.066589240441462 2.439940782119924
-0.7818314824680299 -5.420835316493702 1.496055487962865
-0.7818314824680299 -5.600851285195679 0.5040857394641237
-0.7818314824680299 -5.600851285195679 -0.5040857394641223
-0.7818314824680299 -5.420835316493702 -1.4960554879628636
-0.7818314824680299 -5.066589240441463 -2.4399407821199226
-0.7818314824680299 -4.549498817397922 -3.3054043719496846
-0.7818314824680299 -3.8861837590231154 -4.064629545569208
-0.7818314824680299 -3.097963557070659 -4.693214181205806
-0.7818314824680299 -2.2101722573810463 -5.170955051468959
-0.7818314824680299 -1.2513442028034159 -5.482497171701912
-0.7818314824680299 -0.2522969159382439 -5.6178273218226655
-0.7818314824680299 0.754859401395777 -5.572595879456323
-0.7818314824680299 1.7377539164685534 -5.348256620377091
-0.7818314824680299 2.664795590837345 -4.952019992958734
-0.7818314824680299 3.5061885423155092 -4.396621368431061
-0.7818314824680299 4.234889709142111 -3.699911715569903
-0.7818314824680299 4.827478036238026 -2.8842838558728277
-0.7818314824680299 5.264907247187092 -1.9759527398513383
-0.7818314824680299 5.533118007231453 -1.0041128769516972
-0.6579387259397128 5.753071466003611 0.0
-0.6579387259397128 5.6606172407234485 1.027250576524245
-0.6579387259397128 5.3862261197550545 2.021484474294411
-0.6579387259397128 4.938717259496119 2.9507461977777893
-0.6579387259397128 4.3324739629268825 3.7851685105825306
-0.6579387259397128 3.5869813884177253 4.4979323930101245
-0.6579387259397128 2.726200280706705 5.066129027415274
-0.6579387259397128 1.7777968528487085 5.471496106454446
-0.6579387259397128 0.772253571364032 5.701004798670181
-0.6579387259397128 -0.25811057531663983 5.747278505854284
-0.6579387259397128 -1.280178835732546 5.608829952983724
-0.6579387259397128 -2.2611010950333537 5.29010899046361
-0.6579387259397128 -3.169349704699611 4.801359572273818
-0.6579387259397128 -3.9757328071072005 4.158290506859332
-0.6579387259397128 -4.654332585850513 3.3815705631015613
-0.6579387259397128 -5.183338285686983 2.496164159080179
-0.6579387259397128 -5.545747228156527 1.5305289851352486
-0.6579387259397128 -5.729911291657102 0.5157013502846274
-0.6579387259397128 -5.729911291657102 -0.5157013502846259
-0.6579387259397128 -5.545747228156528 -1.5305289851352473
-0.6579387259397128 -5.183338285686984 -2.4961641590801777
-0.6579387259397128 -4.654332585850515 -3.38157056310156
-0.6579387259397128 -3.975732807107201 -4.158290506859331
-0.6579387259397128 -3.1693497046996124 -4.801359572273817
-0.6579387259397128 -2.261101095033355 -5.290108990463609
-0.6579387259397128 -1.2801788357325474 -5.608829952983724
-0.6579387259397128 -0.2581105753166412 -5.7472785058542835
-0.6579387259397128 0.7722535713640306 -5.701004798670182
-0.6579387259397128 1.7777968528487074 -5.471496106454447
-0.6579387259397128 2.7262002807067036 -5.066129027415274
-0.6579387259397128 3.5869813884177244 -4.497932393010125
-0.6579387259397128 4.332473962926882 -3.7851685105825315
-0.6579387259397128 4.938717259496118 -2.9507461977777902
-0.6579387259397128 5.386226119755054 -2.0214844742944122
-0.6579387259397128 5.6606172407234485 -1.0272505765242463
-0.5128992774059064 5.858448793601866 0.0
-0.5128992774059064 5.764301111314823 1.0460664249223681
-0.5128992774059064 5.484884048427368 2.05851141424141
-0.5128992774059064 5.02917829924583 3.0047941529578996
-0.5128992774059064 4.411830621504843 3.854500335245458
-0.5128992774059064 3.652683077522364 4.580319705264788
-0.5128992774059064 2.776135293990669 5.1589238312573
-0.5128992774059064 1.8103602378983856 5.571715900536535
-0.5128992774059064 0.7863987141906827 5.8054284363494135
-0.5128992774059064 -0.2628383112421262 5.852549725495594
-0.5128992774059064 -1.3036274970875303 5.7115652509703905
-0.5128992774059064 -2.3025170225482636 5.387006369787457
-0.5128992774059064 -3.2274017563869792 4.88930467143595
-0.5128992774059064 -4.048555142260407 4.234456698011207
-0.5128992774059064 -4.739584634699318 3.4435098021898085
-0.5128992774059064 -5.278279977235766 2.5418856679967257
-0.5128992774059064 -5.647327058320625 1.5585632369637346
-0.5128992774059064 -5.834864401114879 0.5251473011046257
-0.5128992774059064 -5.834864401114879 -0.5251473011046243
-0.5128992774059064 -5.647327058320625 -1.5585632369637332
-0.5128992774059064 -5.2782799772357665 -2.5418856679967243
-0.5128992774059064 -4.73958463469932 -3.443509802189807
-0.5128992774059064 -4.048555142260407 -4.234456698011207
-0.5128992774059064 -3.22740175638698 -4.889304671435949
-0.5128992774059064 -2.302517022548265 -5.387006369787457
-0.5128992774059064 -1.3036274970875317 -5.7115652509703905
-0.5128992774059064 -0.2628383112421276 -5.852549725495593
-0.5128992774059064 0.7863987141906813 -5.805428436349414
-0.5128992774059064 1.8103602378983843 -5.571715900536536
-0.5128992774059064 2.776135293990668 -5.158923831257301
-0.5128992774059064 3.652683077522363 -4.580319705264788
-0.5128992774059064 4.411830621504842 -3.854500335245459
-0.5128992774059064 5.029178299245829 -3.004794152957901
-0.5128992774059064 5.484884048427367 -2.058511414241411
-0.5128992774059064 5.764301111314823 -1.0460664249223695
-0.3513748240813429 5.936234870639737 0.0
-0.3513748240813429 5.840837134093396 1.059955665296818
-0.3513748240813429 5.557710086200491 2.0858434833765696
-0.3513748240813429 5.095953663238012 3.0446905756628637
-0.3513748240813429 4.470409096574422 3.905678807667603
-0.3513748240813429 3.7011819032820745 4.641135309190679
-0.3513748240813429 2.8129956782756267 5.227421903137514
-0.3513748240813429 1.8343974576288464 5.645694855980439
-0.3513748240813429 0.7968401933466199 5.882510530858954
-0.3513748240813429 -0.26632817039206236 5.930257477129875
-0.3513748240813429 -1.3209365275987952 5.787401068653737
-0.3513748240813429 -2.3330888979383073 5.458532827941607
-0.3513748240813429 -3.2702538714261427 4.954222850843661
-0.3513748240813429 -4.102310194712494 4.290680074971462
-0.3513748240813429 -4.8025148929487145 3.489231311106355
-0.3513748240813429 -5.348362811003147 2.5756357819532036
-0.3513748240813429 -5.7223099476643595 1.5792571995278961
-0.3513748240813429 -5.912337334275331 0.5321199912926097
-0.3513748240813429 -5.912337334275331 -0.5321199912926082
-0.3513748240813429 -5.7223099476643595 -1.5792571995278948
-0.3513748240813429 -5.348362811003147 -2.5756357819532023
-0.3513748240813429 -4.802514892948715 -3.4892313111063538
-0.3513748240813429 -4.102310194712495 -4.290680074971461
-0.3513748240813429 -3.270253871426144 -4.954222850843661
-0.3513748240813429 -2.3330888979383086 -5.458532827941606
-0.3513748240813429 -1.3209365275987965 -5.787401068653737
-0.3513748240813429 -0.2663281703920638 -5.930257477129874
-0.3513748240813429 0.7968401933466184 -5.882510530858955
-0.3513748240813429 1.834397457628845 -5.64569485598044
-0.3513748240813429 2.8129956782756254 -5.227421903137514
-0.3513748240813429 3.701181903282073 -4.6411353091906795
-0.3513748240813429 4.470409096574421 -3.9056788076676043
-0.3513748240813429 5.095953663238011 -3.044690575662865
-0.3513748240813429 5.5577100862004905 -2.085843483376571
-0.3513748240813429 5.840837134093396 -1.0599556652968192
-0.17855689479863687 5.983929588598629 0.0
-0.17855689479863687 5.887765378313016 1.0684718860338545
-0.17855689479863687 5.6023635442989335 2.1026022065089847
-0.17855689479863687 5.1368971363310045 3.0691531620400583
-0.17855689479863687 4.506326627748354 3.9370590096355307
-0.17855689479863687 3.7309190735319726 4.678424541238374
-0.17855689479863687 2.8355967104818336 5.269421658665281
-0.17855689479863687 1.8491359360200643 5.6910552282881035
-0.17855689479863687 0.803242411100494 5.929773600257907
-0.17855689479863687 -0.2684679858219037 5.9779041696814526
-0.17855689479863687 -1.3315496007837908 5.8338999804555005
-0.17855689479863687 -2.351834115973826 5.5023894457088165
-0.17855689479863687 -3.296528747580906 4.994027586795934
-0.17855689479863687 -4.135270232847848 4.325153572143845
-0.17855689479863687 -4.841100730319378 3.517265562934841
-0.17855689479863687 -5.391334267047495 2.596329744517365
-0.17855689479863687 -5.768285884428095 1.591945751843872
-0.17855689479863687 -5.959840047321741 0.5363953128487889
-0.17855689479863687 -5.959840047321741 -0.5363953128487875
-0.17855689479863687 -5.768285884428096 -1.5919457518438707
-0.17855689479863687 -5.391334267047496 -2.5963297445173636
-0.17855689479863687 -4.841100730319379 -3.5172655629348397
-0.17855689479863687 -4.135270232847849 -4.3251535721438445
-0.17855689479863687 -3.2965287475809073 -4.994027586795934
-0.17855689479863687 -2.351834115973827 -5.502389445708816
-0.17855689479863687 -1.3315496007837924 -5.8338999804555005
-0.17855689479863687 -0.2684679858219051 -5.977904169681452
-0.17855689479863687 0.8032424111004924 -5.929773600257908
-0.17855689479863687 1.849135936020063 -5.691055228288104
-0.17855689479863687 2.8355967104818323 -5.269421658665282
-0.17855689479863687 3.7309190735319713 -4.678424541238375
-0.17855689479863687 4.506326627748353 -3.937059009635532
-0.17855689479863687 5.136897136331004 -3.0691531620400596
-0.17855689479863687 5.602363544298933 -2.102602206508986
-0.17855689479863687 5.887765378313016 -1.0684718860338558
