6.0 0.0 0.0
5.926130043570827 0.9386067902413853 0.0
5.706339097770921 1.8541019662496843 0.0
5.346039145130208 2.7239429984372805 0.0
4.854101966249685 3.526711513754839 0.0
4.242640687119286 4.242640687119285 0.0
3.526711513754839 4.854101966249685 0.0
2.723942998437281 5.346039145130207 0.0
1.8541019662496847 5.706339097770921 0.0
0.9386067902413855 5.926130043570827 0.0
3.6739403974420594e-16 6.0 0.0
-0.9386067902413848 5.926130043570827 0.0
-1.854101966249684 5.706339097770922 0.0
-2.72394299843728 5.346039145130208 0.0
-3.5267115137548384 4.854101966249685 0.0
-4.242640687119285 4.242640687119286 0.0
-4.854101966249684 3.5267115137548393 0.0
-5.346039145130207 2.7239429984372814 0.0
-5.706339097770921 1.8541019662496852 0.0
-5.926130043570826 0.9386067902413859 0.0
-6.0 7.347880794884119e-16 0.0
-5.926130043570827 -0.9386067902413844 0.0
-5.706339097770922 -1.8541019662496838 0.0
-5.346039145130208 -2.72394299843728 0.0
-4.854101966249686 -3.5267115137548384 0.0
-4.242640687119286 -4.242640687119285 0.0
-3.5267115137548393 -4.854101966249684 0.0
-2.7239429984372814 -5.346039145130207 0.0
-1.8541019662496854 -5.706339097770921 0.0
-0.9386067902413862 -5.926130043570826 0.0
-1.102182119232618e-15 -6.0 0.0
0.938606790241384 -5.926130043570827 0.0
1.8541019662496834 -5.706339097770922 0.0
2.7239429984372796 -5.346039145130208 0.0
3.5267115137548375 -4.854101966249686 0.0
4.242640687119284 -4.242640687119286 0.0
4.854101966249684 -3.52671151375484 0.0
5.346039145130207 -2.723942998437282 0.0
5.706339097770921 -1.8541019662496856 0.0
5.926130043570826 -0.9386067902413866 0.0
5.987688340595138 0.0 0.15643446504023087
5.913969961123266 0.9366808223886282 0.15643446504023087
5.6946300138675205 1.850297454264626 0.15643446504023087
5.33506937627689 2.718353622031444 0.15643446504023087
4.844141624562195 3.5194749019254132 0.15643446504023087
4.233935029266449 4.233935029266448 0.15643446504023087
3.5194749019254132 4.844141624562195 0.15643446504023087
2.7183536220314446 5.3350693762768895 0.15643446504023087
1.8502974542646262 5.6946300138675205 0.15643446504023087
0.9366808223886285 5.913969961123266 0.15643446504023087
3.6664016803008815e-16 5.987688340595138 0.15643446504023087
-0.9366808223886278 5.913969961123266 0.15643446504023087
-1.8502974542646256 5.694630013867521 0.15643446504023087
-2.7183536220314437 5.33506937627689 0.15643446504023087
-3.5194749019254123 4.844141624562195 0.15643446504023087
-4.233935029266448 4.233935029266449 0.15643446504023087
-4.844141624562194 3.5194749019254137 0.15643446504023087
-5.3350693762768895 2.718353622031445 0.15643446504023087
-5.6946300138675205 1.8502974542646267 0.15643446504023087
-5.913969961123265 0.9366808223886288 0.15643446504023087
-5.987688340595138 7.332803360601763e-16 0.15643446504023087
-5.913969961123266 -0.9366808223886273 0.15643446504023087
-5.694630013867521 -1.8502974542646253 0.15643446504023087
-5.33506937627689 -2.7183536220314437 0.15643446504023087
-4.844141624562196 -3.5194749019254123 0.15643446504023087
-4.2339350292664495 -4.233935029266448 0.15643446504023087
-3.5194749019254137 -4.844141624562194 0.15643446504023087
-2.718353622031445 -5.3350693762768895 0.15643446504023087
-1.8502974542646269 -5.6946300138675205 0.15643446504023087
-0.9366808223886292 -5.913969961123265 0.15643446504023087
-1.0999205040902643e-15 -5.987688340595138 0.15643446504023087
0.9366808223886269 -5.913969961123266 0.15643446504023087
1.8502974542646249 -5.694630013867521 0.15643446504023087
2.7183536220314437 -5.33506937627689 0.15643446504023087
3.519474901925412 -4.844141624562196 0.15643446504023087
4.233935029266447 -4.2339350292664495 0.15643446504023087
4.844141624562194 -3.5194749019254146 0.15643446504023087
5.3350693762768895 -2.7183536220314455 0.15643446504023087
5.6946300138675205 -1.8502974542646273 0.15643446504023087
5.913969961123265 -0.9366808223886295 0.15643446504023087
5.951056516295154 0.0 0.3090169943749474
5.877789135367442 0.9309503425508123 0.3090169943749474
5.6597910786632415 1.8389775980209735 0.3090169943749474
5.302430181832682 2.701723121811123 0.3090169943749474
4.814505856168551 3.4979432558373134 0.3090169943749474
4.208032417896695 4.208032417896694 0.3090169943749474
3.4979432558373134 4.814505856168551 0.3090169943749474
2.7017231218111233 5.3024301818326816 0.3090169943749474
1.838977598020974 5.6597910786632415 0.3090169943749474
0.9309503425508127 5.877789135367442 0.3090169943749474
3.6439711571129294e-16 5.951056516295154 0.3090169943749474
-0.930950342550812 5.877789135367442 0.3090169943749474
-1.8389775980209733 5.659791078663242 0.3090169943749474
-2.7017231218111224 5.302430181832682 0.3090169943749474
-3.4979432558373125 4.814505856168551 0.3090169943749474
-4.208032417896694 4.208032417896695 0.3090169943749474
-4.81450585616855 3.497943255837314 0.3090169943749474
-5.3024301818326816 2.7017231218111237 0.3090169943749474
-5.6597910786632415 1.8389775980209742 0.3090169943749474
-5.877789135367441 0.930950342550813 0.3090169943749474
-5.951056516295154 7.287942314225859e-16 0.3090169943749474
-5.877789135367442 -0.9309503425508114 0.3090169943749474
-5.659791078663242 -1.8389775980209728 0.3090169943749474
-5.302430181832682 -2.7017231218111224 0.3090169943749474
-4.814505856168552 -3.4979432558373125 0.3090169943749474
-4.208032417896696 -4.208032417896694 0.3090169943749474
-3.497943255837314 -4.81450585616855 0.3090169943749474
-2.7017231218111237 -5.3024301818326816 0.3090169943749474
-1.8389775980209746 -5.6597910786632415 0.3090169943749474
-0.9309503425508133 -5.877789135367441 0.3090169943749474
-1.0931913471338787e-15 -5.951056516295154 0.3090169943749474
0.9309503425508112 -5.877789135367442 0.3090169943749474
1.8389775980209726 -5.659791078663242 0.3090169943749474
2.7017231218111224 -5.302430181832682 0.3090169943749474
3.497943255837312 -4.814505856168552 0.3090169943749474
4.208032417896694 -4.208032417896696 0.3090169943749474
4.81450585616855 -3.4979432558373147 0.3090169943749474
5.3024301818326816 -2.701723121811124 0.3090169943749474
5.6597910786632415 -1.8389775980209748 0.3090169943749474
5.877789135367441 -0.9309503425508137 0.3090169943749474
5.891006524188368 0.0 0.45399049973954675
5.818478458310739 0.9215564541599173 0.45399049973954675
5.60268014236661 1.8204211299478954 0.45399049973954675
5.248925247088076 2.6744609958852075 0.45399049973954675
4.76592439204208 3.462646756076665 0.45399049973954675
4.165570661267789 4.165570661267788 0.45399049973954675
3.462646756076665 4.76592439204208 0.45399049973954675
2.674460995885208 5.248925247088076 0.45399049973954675
1.8204211299478956 5.60268014236661 0.45399049973954675
0.9215564541599176 5.818478458310739 0.45399049973954675
3.60720114180173e-16 5.891006524188368 0.45399049973954675
-0.9215564541599169 5.818478458310739 0.45399049973954675
-1.8204211299478952 5.602680142366611 0.45399049973954675
-2.6744609958852075 5.248925247088076 0.45399049973954675
-3.4626467560766647 4.76592439204208 0.45399049973954675
-4.165570661267788 4.165570661267789 0.45399049973954675
-4.765924392042079 3.462646756076666 0.45399049973954675
-5.248925247088076 2.6744609958852084 0.45399049973954675
-5.60268014236661 1.820421129947896 0.45399049973954675
-5.818478458310739 0.9215564541599179 0.45399049973954675
-5.891006524188368 7.21440228360346e-16 0.45399049973954675
-5.818478458310739 -0.9215564541599164 0.45399049973954675
-5.602680142366611 -1.8204211299478947 0.45399049973954675
-5.248925247088076 -2.6744609958852075 0.45399049973954675
-4.765924392042081 -3.4626467560766647 0.45399049973954675
-4.16557066126779 -4.165570661267788 0.45399049973954675
-3.462646756076666 -4.765924392042079 0.45399049973954675
-2.6744609958852084 -5.248925247088076 0.45399049973954675
-1.8204211299478963 -5.60268014236661 0.45399049973954675
-0.9215564541599183 -5.818478458310739 0.45399049973954675
-1.082160342540519e-15 -5.891006524188368 0.45399049973954675
0.9215564541599162 -5.818478458310739 0.45399049973954675
1.8204211299478945 -5.602680142366611 0.45399049973954675
2.674460995885207 -5.248925247088076 0.45399049973954675
3.462646756076664 -4.765924392042081 0.45399049973954675
4.165570661267787 -4.16557066126779 0.45399049973954675
4.765924392042079 -3.4626467560766665 0.45399049973954675
5.248925247088076 -2.674460995885209 0.45399049973954675
5.60268014236661 -1.8204211299478967 0.45399049973954675
5.818478458310739 -0.9215564541599186 0.45399049973954675
5.8090169943749475 0.0 0.5877852522924731
5.7374983556631465 0.9087304659246547 0.5877852522924731
5.524703465769581 1.795084971874737 0.5877852522924731
5.175872041109182 2.6372385282718023 0.5877852522924731
4.699593469062211 3.4144545196099423 0.5877852522924731
4.1075953087504224 4.107595308750422 0.5877852522924731
3.4144545196099423 4.699593469062211 0.5877852522924731
2.6372385282718027 5.175872041109181 0.5877852522924731
1.7950849718747373 5.524703465769581 0.5877852522924731
0.908730465924655 5.7374983556631465 0.5877852522924731
3.556997034176929e-16 5.8090169943749475 0.5877852522924731
-0.9087304659246543 5.7374983556631465 0.5877852522924731
-1.7950849718747366 5.524703465769582 0.5877852522924731
-2.637238528271802 5.175872041109182 0.5877852522924731
-3.414454519609942 4.699593469062211 0.5877852522924731
-4.107595308750422 4.1075953087504224 0.5877852522924731
-4.6995934690622105 3.414454519609943 0.5877852522924731
-5.175872041109181 2.6372385282718027 0.5877852522924731
-5.524703465769581 1.7950849718747377 0.5877852522924731
-5.737498355663146 0.9087304659246553 0.5877852522924731
-5.8090169943749475 7.113994068353858e-16 0.5877852522924731
-5.7374983556631465 -0.9087304659246539 0.5877852522924731
-5.524703465769582 -1.7950849718747364 0.5877852522924731
-5.175872041109182 -2.637238528271802 0.5877852522924731
-4.699593469062211 -3.414454519609942 0.5877852522924731
-4.1075953087504224 -4.107595308750422 0.5877852522924731
-3.414454519609943 -4.6995934690622105 0.5877852522924731
-2.637238528271803 -5.175872041109181 0.5877852522924731
-1.795084971874738 -5.524703465769581 0.5877852522924731
-0.9087304659246557 -5.737498355663146 0.5877852522924731
-1.0670991102530785e-15 -5.8090169943749475 0.5877852522924731
0.9087304659246536 -5.7374983556631465 0.5877852522924731
1.795084971874736 -5.524703465769582 0.5877852522924731
2.6372385282718014 -5.175872041109182 0.5877852522924731
3.4144545196099414 -4.699593469062211 0.5877852522924731
4.107595308750421 -4.1075953087504224 0.5877852522924731
4.6995934690622105 -3.4144545196099436 0.5877852522924731
5.175872041109181 -2.6372385282718036 0.5877852522924731
5.524703465769581 -1.7950849718747381 0.5877852522924731
5.737498355663146 -0.908730465924656 0.5877852522924731
5.707106781186548 0.0 0.7071067811865475
5.636842826309399 0.8927881962423916 0.7071067811865475
5.427781093439726 1.7635929840991476 0.7071067811865475
5.08506937627689 2.590972259657837 0.7071067811865475
4.617146374692422 3.3545531992398194 0.7071067811865475
4.035533905932738 4.035533905932738 0.7071067811865475
3.3545531992398194 4.617146374692422 0.7071067811865475
2.5909722596578373 5.0850693762768895 0.7071067811865475
1.763592984099148 5.427781093439726 0.7071067811865475
0.8927881962423919 5.636842826309399 0.7071067811865475
3.49459502598613e-16 5.707106781186548 0.7071067811865475
-0.8927881962423913 5.636842826309399 0.7071067811865475
-1.7635929840991473 5.427781093439726 0.7071067811865475
-2.590972259657837 5.08506937627689 0.7071067811865475
-3.3545531992398185 4.617146374692422 0.7071067811865475
-4.035533905932738 4.035533905932738 0.7071067811865475
-4.617146374692421 3.35455319923982 0.7071067811865475
-5.0850693762768895 2.5909722596578377 0.7071067811865475
-5.427781093439726 1.7635929840991482 0.7071067811865475
-5.636842826309399 0.8927881962423921 0.7071067811865475
-5.707106781186548 6.98919005197226e-16 0.7071067811865475
-5.636842826309399 -0.8927881962423908 0.7071067811865475
-5.427781093439726 -1.7635929840991469 0.7071067811865475
-5.08506937627689 -2.590972259657837 0.7071067811865475
-4.617146374692423 -3.3545531992398185 0.7071067811865475
-4.035533905932739 -4.035533905932738 0.7071067811865475
-3.35455319923982 -4.617146374692421 0.7071067811865475
-2.5909722596578377 -5.0850693762768895 0.7071067811865475
-1.7635929840991487 -5.427781093439726 0.7071067811865475
-0.8927881962423925 -5.636842826309399 0.7071067811865475
-1.048378507795839e-15 -5.707106781186548 0.7071067811865475
0.8927881962423905 -5.636842826309399 0.7071067811865475
1.7635929840991467 -5.427781093439726 0.7071067811865475
2.5909722596578364 -5.08506937627689 0.7071067811865475
3.354553199239818 -4.617146374692423 0.7071067811865475
4.035533905932737 -4.035533905932739 0.7071067811865475
4.617146374692421 -3.3545531992398208 0.7071067811865475
5.0850693762768895 -2.590972259657838 0.7071067811865475
5.427781093439726 -1.7635929840991489 0.7071067811865475
5.636842826309399 -0.8927881962423928 0.7071067811865475
5.587785252292473 0.0 0.8090169943749475
5.518990343438737 0.8741221967020646 0.8090169943749475
5.314299575850716 1.7267206038760772 0.8090169943749475
4.978753115556139 2.5368014191255295 0.8090169943749475
4.520613230022314 3.284417764274892 0.8090169943749475
3.9511608437101913 3.951160843710191 0.8090169943749475
3.284417764274892 4.520613230022314 0.8090169943749475
2.5368014191255295 4.978753115556138 0.8090169943749475
1.7267206038760776 5.314299575850716 0.8090169943749475
0.8741221967020648 5.518990343438737 0.8090169943749475
3.4215316617713816e-16 5.587785252292473 0.8090169943749475
-0.8741221967020643 5.518990343438737 0.8090169943749475
-1.726720603876077 5.314299575850716 0.8090169943749475
-2.536801419125529 4.978753115556139 0.8090169943749475
-3.2844177642748913 4.520613230022314 0.8090169943749475
-3.951160843710191 3.9511608437101913 0.8090169943749475
-4.520613230022313 3.2844177642748926 0.8090169943749475
-4.978753115556138 2.53680141912553 0.8090169943749475
-5.314299575850716 1.7267206038760778 0.8090169943749475
-5.518990343438736 0.8741221967020651 0.8090169943749475
-5.587785252292473 6.843063323542763e-16 0.8090169943749475
-5.518990343438737 -0.8741221967020638 0.8090169943749475
-5.314299575850716 -1.7267206038760767 0.8090169943749475
-4.978753115556139 -2.536801419125529 0.8090169943749475
-4.520613230022315 -3.2844177642748913 0.8090169943749475
-3.951160843710192 -3.951160843710191 0.8090169943749475
-3.2844177642748926 -4.520613230022313 0.8090169943749475
-2.5368014191255304 -4.978753115556138 0.8090169943749475
-1.7267206038760783 -5.314299575850716 0.8090169943749475
-0.8741221967020655 -5.518990343438736 0.8090169943749475
-1.0264594985314143e-15 -5.587785252292473 0.8090169943749475
0.8741221967020635 -5.518990343438737 0.8090169943749475
1.7267206038760763 -5.314299575850716 0.8090169943749475
2.5368014191255286 -4.978753115556139 0.8090169943749475
3.284417764274891 -4.520613230022315 0.8090169943749475
3.9511608437101904 -3.951160843710192 0.8090169943749475
4.520613230022313 -3.2844177642748935 0.8090169943749475
4.978753115556138 -2.5368014191255304 0.8090169943749475
5.314299575850716 -1.7267206038760785 0.8090169943749475
5.518990343438736 -0.8741221967020658 0.8090169943749475
5.453990499739547 0.0 0.8910065241883678
5.386842826309399 0.8531920861612574 0.8910065241883678
5.187053204589157 1.685375751579032 0.8910065241883678
4.8595411181293136 2.476059872551497 0.8910065241883678
4.412371001448806 3.205775181890161 0.8910065241883678
3.856553666892841 3.8565536668928404 0.8910065241883678
3.205775181890161 4.412371001448806 0.8910065241883678
2.4760598725514975 4.859541118129313 0.8910065241883678
1.6853757515790324 5.187053204589157 0.8910065241883678
0.8531920861612577 5.386842826309399 0.8910065241883678
3.3396060040430546e-16 5.453990499739547 0.8910065241883678
-0.8531920861612571 5.386842826309399 0.8910065241883678
-1.6853757515790317 5.187053204589158 0.8910065241883678
-2.4760598725514966 4.8595411181293136 0.8910065241883678
-3.2057751818901603 4.412371001448806 0.8910065241883678
-3.8565536668928404 3.856553666892841 0.8910065241883678
-4.412371001448805 3.2057751818901616 0.8910065241883678
-4.859541118129313 2.476059872551498 0.8910065241883678
-5.187053204589157 1.6853757515790326 0.8910065241883678
-5.386842826309398 0.853192086161258 0.8910065241883678
-5.453990499739547 6.679212008086109e-16 0.8910065241883678
-5.386842826309399 -0.8531920861612566 0.8910065241883678
-5.187053204589158 -1.6853757515790315 0.8910065241883678
-4.8595411181293136 -2.4760598725514966 0.8910065241883678
-4.412371001448807 -3.2057751818901603 0.8910065241883678
-3.8565536668928417 -3.8565536668928404 0.8910065241883678
-3.2057751818901616 -4.412371001448805 0.8910065241883678
-2.476059872551498 -4.859541118129313 0.8910065241883678
-1.6853757515790329 -5.187053204589157 0.8910065241883678
-0.8531920861612583 -5.386842826309398 0.8910065241883678
-1.0018818012129163e-15 -5.453990499739547 0.8910065241883678
0.8531920861612563 -5.386842826309399 0.8910065241883678
1.685375751579031 -5.187053204589158 0.8910065241883678
2.4760598725514966 -4.8595411181293136 0.8910065241883678
3.20577518189016 -4.412371001448807 0.8910065241883678
3.8565536668928395 -3.8565536668928417 0.8910065241883678
4.412371001448805 -3.2057751818901625 0.8910065241883678
4.859541118129313 -2.4760598725514984 0.8910065241883678
5.187053204589157 -1.6853757515790333 0.8910065241883678
5.386842826309398 -0.8531920861612586 0.8910065241883678
5.3090169943749475 0.0 0.9510565162951535
5.243654185365577 0.8305132334045393 0.9510565162951535
5.049175207622004 1.6405764746872633 0.9510565162951535
4.730368779014998 2.410243278402029 0.9510565162951535
4.295084971874737 3.120561893463706 0.9510565162951535
3.7540419181571485 3.754041918157148 0.9510565162951535
3.120561893463706 4.295084971874737 0.9510565162951535
2.4102432784020293 4.730368779014997 0.9510565162951535
1.6405764746872635 5.049175207622004 0.9510565162951535
0.8305132334045395 5.243654185365577 0.9510565162951535
3.2508353343900905e-16 5.3090169943749475 0.9510565162951535
-0.830513233404539 5.243654185365577 0.9510565162951535
-1.6405764746872629 5.049175207622005 0.9510565162951535
-2.4102432784020285 4.730368779014998 0.9510565162951535
-3.120561893463705 4.295084971874737 0.9510565162951535
-3.754041918157148 3.7540419181571485 0.9510565162951535
-4.295084971874736 3.1205618934637065 0.9510565162951535
-4.730368779014997 2.4102432784020293 0.9510565162951535
-5.049175207622004 1.6405764746872638 0.9510565162951535
-5.243654185365577 0.8305132334045399 0.9510565162951535
-5.3090169943749475 6.501670668780181e-16 0.9510565162951535
-5.243654185365577 -0.8305132334045385 0.9510565162951535
-5.049175207622005 -1.6405764746872626 0.9510565162951535
-4.730368779014998 -2.4102432784020285 0.9510565162951535
-4.295084971874738 -3.120561893463705 0.9510565162951535
-3.754041918157149 -3.754041918157148 0.9510565162951535
-3.1205618934637065 -4.295084971874736 0.9510565162951535
-2.41024327840203 -4.730368779014997 0.9510565162951535
-1.6405764746872642 -5.049175207622004 0.9510565162951535
-0.8305132334045402 -5.243654185365577 0.9510565162951535
-9.752506003170271e-16 -5.3090169943749475 0.9510565162951535
0.8305132334045382 -5.243654185365577 0.9510565162951535
1.6405764746872624 -5.049175207622005 0.9510565162951535
2.4102432784020285 -4.730368779014998 0.9510565162951535
3.1205618934637047 -4.295084971874738 0.9510565162951535
3.754041918157147 -3.754041918157149 0.9510565162951535
4.295084971874736 -3.120561893463707 0.9510565162951535
4.730368779014997 -2.4102432784020302 0.9510565162951535
5.049175207622004 -1.6405764746872644 0.9510565162951535
5.243654185365577 -0.8305132334045404 0.9510565162951535
5.156434465040231 0.0 0.9876883405951378
5.092950200163163 0.8066440670535776 0.9876883405951378
4.904060598825426 1.593425880078122 0.9876883405951378
4.594416749900603 2.340972259657837 0.9876883405951378
4.171643112598238 3.030876132963276 0.9876883405951378
3.6461497769739752 3.646149776973975 0.9876883405951378
3.030876132963276 4.171643112598238 0.9876883405951378
2.3409722596578373 4.594416749900602 0.9876883405951378
1.5934258800781222 4.904060598825426 0.9876883405951378
0.8066440670535779 5.092950200163163 0.9876883405951378
3.157405481312307e-16 5.156434465040231 0.9876883405951378
-0.8066440670535773 5.092950200163163 0.9876883405951378
-1.5934258800781218 4.904060598825427 0.9876883405951378
-2.340972259657837 4.594416749900603 0.9876883405951378
-3.0308761329632756 4.171643112598238 0.9876883405951378
-3.646149776973975 3.6461497769739752 0.9876883405951378
-4.171643112598237 3.0308761329632765 0.9876883405951378
-4.594416749900602 2.3409722596578377 0.9876883405951378
-4.904060598825426 1.5934258800781225 0.9876883405951378
-5.092950200163163 0.8066440670535782 0.9876883405951378
-5.156434465040231 6.314810962624614e-16 0.9876883405951378
-5.092950200163163 -0.8066440670535769 0.9876883405951378
-4.904060598825427 -1.5934258800781214 0.9876883405951378
-4.594416749900603 -2.340972259657837 0.9876883405951378
-4.171643112598239 -3.0308761329632756 0.9876883405951378
-3.6461497769739757 -3.646149776973975 0.9876883405951378
-3.0308761329632765 -4.171643112598237 0.9876883405951378
-2.3409722596578377 -4.594416749900602 0.9876883405951378
-1.593425880078123 -4.904060598825426 0.9876883405951378
-0.8066440670535785 -5.092950200163163 0.9876883405951378
-9.472216443936919e-16 -5.156434465040231 0.9876883405951378
0.8066440670535766 -5.092950200163163 0.9876883405951378
1.5934258800781211 -4.904060598825427 0.9876883405951378
2.3409722596578364 -4.594416749900603 0.9876883405951378
3.0308761329632747 -4.171643112598239 0.9876883405951378
3.646149776973974 -3.6461497769739757 0.9876883405951378
4.171643112598237 -3.030876132963277 0.9876883405951378
4.594416749900602 -2.340972259657838 0.9876883405951378
4.904060598825426 -1.5934258800781231 0.9876883405951378
5.092950200163163 -0.8066440670535787 0.9876883405951378
5.0 0.0 1.0
4.938441702975689 0.7821723252011543 1.0
4.755282581475767 1.545084971874737 1.0
4.455032620941839 2.2699524986977337 1.0
4.045084971874737 2.938926261462366 1.0
3.5355339059327378 3.5355339059327373 1.0
2.938926261462366 4.045084971874737 1.0
2.269952498697734 4.455032620941839 1.0
1.5450849718747373 4.755282581475767 1.0
0.7821723252011547 4.938441702975689 1.0
3.061616997868383e-16 5.0 1.0
-0.7821723252011541 4.938441702975689 1.0
-1.5450849718747368 4.755282581475768 1.0
-2.2699524986977333 4.455032620941839 1.0
-2.938926261462365 4.045084971874737 1.0
-3.5355339059327373 3.5355339059327378 1.0
-4.045084971874736 2.9389262614623664 1.0
-4.455032620941839 2.269952498697734 1.0
-4.755282581475767 1.5450849718747375 1.0
-4.938441702975688 0.7821723252011549 1.0
-5.0 6.123233995736766e-16 1.0
-4.938441702975689 -0.7821723252011537 1.0
-4.755282581475768 -1.5450849718747364 1.0
-4.455032620941839 -2.2699524986977333 1.0
-4.045084971874738 -2.938926261462365 1.0
-3.5355339059327386 -3.5355339059327373 1.0
-2.9389262614623664 -4.045084971874736 1.0
-2.2699524986977346 -4.455032620941839 1.0
-1.5450849718747377 -4.755282581475767 1.0
-0.7821723252011552 -4.938441702975688 1.0
-9.184850993605148e-16 -5.0 1.0
0.7821723252011534 -4.938441702975689 1.0
1.5450849718747361 -4.755282581475768 1.0
2.2699524986977333 -4.455032620941839 1.0
2.9389262614623646 -4.045084971874738 1.0
3.535533905932737 -3.5355339059327386 1.0
4.045084971874736 -2.938926261462367 1.0
4.455032620941839 -2.2699524986977346 1.0
4.755282581475767 -1.5450849718747381 1.0
4.938441702975688 -0.7821723252011554 1.0
4.843565534959769 0.0 0.9876883405951378
4.783933205788215 0.7577005833487311 0.9876883405951378
4.6065045641261095 1.496744063671352 0.9876883405951378
4.315648491983076 2.1989327377376306 0.9876883405951378
3.9185268311512367 2.8469763899614553 0.9876883405951378
3.4249180348915007 3.4249180348915 0.9876883405951378
2.8469763899614553 3.9185268311512367 0.9876883405951378
2.1989327377376306 4.315648491983076 0.9876883405951378
1.4967440636713523 4.6065045641261095 0.9876883405951378
0.7577005833487314 4.783933205788215 0.9876883405951378
2.9658285144244593e-16 4.843565534959769 0.9876883405951378
-0.7577005833487308 4.783933205788215 0.9876883405951378
-1.4967440636713516 4.6065045641261095 0.9876883405951378
-2.19893273773763 4.315648491983076 0.9876883405951378
-2.846976389961455 3.9185268311512367 0.9876883405951378
-3.4249180348915 3.4249180348915007 0.9876883405951378
-3.9185268311512362 2.8469763899614557 0.9876883405951378
-4.315648491983076 2.198932737737631 0.9876883405951378
-4.6065045641261095 1.4967440636713525 0.9876883405951378
-4.783933205788214 0.7577005833487316 0.9876883405951378
-4.843565534959769 5.931657028848919e-16 0.9876883405951378
-4.783933205788215 -0.7577005833487304 0.9876883405951378
-4.6065045641261095 -1.4967440636713514 0.9876883405951378
-4.315648491983076 -2.19893273773763 0.9876883405951378
-3.918526831151237 -2.846976389961455 0.9876883405951378
-3.424918034891501 -3.4249180348915 0.9876883405951378
-2.8469763899614557 -3.9185268311512362 0.9876883405951378
-2.1989327377376315 -4.315648491983076 0.9876883405951378
-1.4967440636713527 -4.6065045641261095 0.9876883405951378
-0.7577005833487319 -4.783933205788214 0.9876883405951378
-8.897485543273377e-16 -4.843565534959769 0.9876883405951378
0.7577005833487301 -4.783933205788215 0.9876883405951378
1.4967440636713512 -4.6065045641261095 0.9876883405951378
2.19893273773763 -4.315648491983076 0.9876883405951378
2.8469763899614544 -3.918526831151237 0.9876883405951378
3.4249180348914994 -3.424918034891501 0.9876883405951378
3.9185268311512362 -2.8469763899614566 0.9876883405951378
4.315648491983076 -2.1989327377376315 0.9876883405951378
4.6065045641261095 -1.496744063671353 0.9876883405951378
4.783933205788214 -0.7577005833487321 0.9876883405951378
4.6909830056250525 0.0 0.9510565162951536
4.6332292205858 0.7338314169977694 0.9510565162951536
4.461389955329531 1.4495934690622108 0.9510565162951536
4.179696462868681 2.1296617189934386 0.9510565162951536
3.7950849718747373 2.7572906294610253 0.9510565162951536
3.3170258937083275 3.3170258937083266 0.9510565162951536
2.7572906294610253 3.7950849718747373 0.9510565162951536
2.129661718993439 4.179696462868681 0.9510565162951536
1.449593469062211 4.461389955329531 0.9510565162951536
0.7338314169977697 4.6332292205858 0.9510565162951536
2.8723986613466753e-16 4.6909830056250525 0.9510565162951536
-0.7338314169977691 4.6332292205858 0.9510565162951536
-1.4495934690622105 4.4613899553295315 0.9510565162951536
-2.1296617189934386 4.179696462868681 0.9510565162951536
-2.757290629461025 3.7950849718747373 0.9510565162951536
-3.3170258937083266 3.3170258937083275 0.9510565162951536
-3.795084971874737 2.7572906294610258 0.9510565162951536
-4.179696462868681 2.129661718993439 0.9510565162951536
-4.461389955329531 1.4495934690622112 0.9510565162951536
-4.6332292205857994 0.7338314169977699 0.9510565162951536
-4.6909830056250525 5.744797322693351e-16 0.9510565162951536
-4.6332292205858 -0.7338314169977688 0.9510565162951536
-4.4613899553295315 -1.44959346906221 0.9510565162951536
-4.179696462868681 -2.1296617189934386 0.9510565162951536
-3.7950849718747377 -2.757290629461025 0.9510565162951536
-3.317025893708328 -3.3170258937083266 0.9510565162951536
-2.7572906294610258 -3.795084971874737 0.9510565162951536
-2.1296617189934395 -4.179696462868681 0.9510565162951536
-1.4495934690622114 -4.461389955329531 0.9510565162951536
-0.7338314169977702 -4.6332292205857994 0.9510565162951536
-8.617195984040026e-16 -4.6909830056250525 0.9510565162951536
0.7338314169977685 -4.6332292205858 0.9510565162951536
1.4495934690622099 -4.4613899553295315 0.9510565162951536
2.129661718993438 -4.179696462868681 0.9510565162951536
2.7572906294610244 -3.7950849718747377 0.9510565162951536
3.317025893708326 -3.317025893708328 0.9510565162951536
3.795084971874737 -2.7572906294610267 0.9510565162951536
4.179696462868681 -2.1296617189934395 0.9510565162951536
4.461389955329531 -1.4495934690622116 0.9510565162951536
4.6332292205857994 -0.7338314169977704 0.9510565162951536
4.546009500260453 0.0 0.8910065241883679
4.4900405796419784 0.7111525642410513 0.8910065241883679
4.323511958362379 1.4047941921704419 0.8910065241883679
4.050524123754366 2.0638451248439704 0.8910065241883679
3.6777989423006687 2.67207734103457 0.8910065241883679
3.2145141449726347 3.214514144972634 0.8910065241883679
2.67207734103457 3.6777989423006687 0.8910065241883679
2.0638451248439704 4.050524123754365 0.8910065241883679
1.404794192170442 4.323511958362379 0.8910065241883679
0.7111525642410516 4.4900405796419784 0.8910065241883679
2.783627991693711e-16 4.546009500260453 0.8910065241883679
-0.711152564241051 4.4900405796419784 0.8910065241883679
-1.4047941921704417 4.323511958362379 0.8910065241883679
-2.06384512484397 4.050524123754366 0.8910065241883679
-2.6720773410345697 3.6777989423006687 0.8910065241883679
-3.214514144972634 3.2145141449726347 0.8910065241883679
-3.6777989423006683 2.6720773410345706 0.8910065241883679
-4.050524123754365 2.063845124843971 0.8910065241883679
-4.323511958362379 1.4047941921704423 0.8910065241883679
-4.4900405796419784 0.7111525642410518 0.8910065241883679
-4.546009500260453 5.567255983387422e-16 0.8910065241883679
-4.4900405796419784 -0.7111525642410507 0.8910065241883679
-4.323511958362379 -1.4047941921704414 0.8910065241883679
-4.050524123754366 -2.06384512484397 0.8910065241883679
-3.677798942300669 -2.6720773410345697 0.8910065241883679
-3.214514144972635 -3.214514144972634 0.8910065241883679
-2.6720773410345706 -3.6777989423006683 0.8910065241883679
-2.0638451248439713 -4.050524123754365 0.8910065241883679
-1.4047941921704428 -4.323511958362379 0.8910065241883679
-0.711152564241052 -4.4900405796419784 0.8910065241883679
-8.350883975081134e-16 -4.546009500260453 0.8910065241883679
0.7111525642410504 -4.4900405796419784 0.8910065241883679
1.4047941921704412 -4.323511958362379 0.8910065241883679
2.06384512484397 -4.050524123754366 0.8910065241883679
2.6720773410345693 -3.677798942300669 0.8910065241883679
3.2145141449726338 -3.214514144972635 0.8910065241883679
3.6777989423006683 -2.672077341034571 0.8910065241883679
4.050524123754365 -2.0638451248439713 0.8910065241883679
4.323511958362379 -1.404794192170443 0.8910065241883679
4.4900405796419784 -0.7111525642410523 0.8910065241883679
4.412214747707527 0.0 0.8090169943749475
4.357893062512641 0.6902224537002442 0.8090169943749475
4.19626558710082 1.3634493398733967 0.8090169943749475
3.93131212632754 2.003103578269938 0.8090169943749475
3.5695567137271604 2.593434758649839 0.8090169943749475
3.1199069681552842 3.119906968155284 0.8090169943749475
2.593434758649839 3.5695567137271604 0.8090169943749475
2.0031035782699385 3.9313121263275392 0.8090169943749475
1.363449339873397 4.19626558710082 0.8090169943749475
0.6902224537002444 4.357893062512641 0.8090169943749475
2.7017023339653846e-16 4.412214747707527 0.8090169943749475
-0.6902224537002439 4.357893062512641 0.8090169943749475
-1.3634493398733964 4.196265587100821 0.8090169943749475
-2.003103578269938 3.93131212632754 0.8090169943749475
-2.5934347586498387 3.5695567137271604 0.8090169943749475
-3.119906968155284 3.1199069681552842 0.8090169943749475
-3.56955671372716 2.5934347586498396 0.8090169943749475
-3.9313121263275392 2.003103578269939 0.8090169943749475
-4.19626558710082 1.3634493398733971 0.8090169943749475
-4.357893062512641 0.6902224537002446 0.8090169943749475
-4.412214747707527 5.403404667930769e-16 0.8090169943749475
-4.357893062512641 -0.6902224537002435 0.8090169943749475
-4.196265587100821 -1.3634493398733962 0.8090169943749475
-3.93131212632754 -2.003103578269938 0.8090169943749475
-3.569556713727161 -2.5934347586498387 0.8090169943749475
-3.1199069681552847 -3.119906968155284 0.8090169943749475
-2.5934347586498396 -3.56955671372716 0.8090169943749475
-2.003103578269939 -3.9313121263275392 0.8090169943749475
-1.3634493398733973 -4.19626558710082 0.8090169943749475
-0.6902224537002448 -4.357893062512641 0.8090169943749475
-8.105107001896153e-16 -4.412214747707527 0.8090169943749475
0.6902224537002433 -4.357893062512641 0.8090169943749475
1.363449339873396 -4.196265587100821 0.8090169943749475
2.0031035782699376 -3.93131212632754 0.8090169943749475
2.5934347586498383 -3.569556713727161 0.8090169943749475
3.1199069681552833 -3.1199069681552847 0.8090169943749475
3.56955671372716 -2.59343475864984 0.8090169943749475
3.9313121263275392 -2.0031035782699393 0.8090169943749475
4.19626558710082 -1.3634493398733978 0.8090169943749475
4.357893062512641 -0.6902224537002452 0.8090169943749475
4.292893218813452 0.0 0.7071067811865476
4.2400405796419784 0.6715564541599172 0.7071067811865476
4.08278406951181 1.3265769596503263 0.7071067811865476
3.824995865606789 1.9489327377376304 0.7071067811865476
3.4730235690570526 2.523299323684912 0.7071067811865476
3.0355339059327378 3.035533905932737 0.7071067811865476
2.523299323684912 3.4730235690570526 0.7071067811865476
1.9489327377376309 3.824995865606788 0.7071067811865476
1.3265769596503265 4.08278406951181 0.7071067811865476
0.6715564541599174 4.2400405796419784 0.7071067811865476
2.6286389697506364e-16 4.292893218813452 0.7071067811865476
-0.6715564541599169 4.2400405796419784 0.7071067811865476
-1.326576959650326 4.082784069511811 0.7071067811865476
-1.9489327377376302 3.824995865606789 0.7071067811865476
-2.5232993236849115 3.4730235690570526 0.7071067811865476
-3.035533905932737 3.0355339059327378 0.7071067811865476
-3.473023569057052 2.5232993236849124 0.7071067811865476
-3.824995865606788 1.948932737737631 0.7071067811865476
-4.08278406951181 1.3265769596503267 0.7071067811865476
-4.240040579641978 0.6715564541599176 0.7071067811865476
-4.292893218813452 5.257277939501273e-16 0.7071067811865476
-4.2400405796419784 -0.6715564541599165 0.7071067811865476
-4.082784069511811 -1.3265769596503258 0.7071067811865476
-3.824995865606789 -1.9489327377376302 0.7071067811865476
-3.473023569057053 -2.5232993236849115 0.7071067811865476
-3.035533905932738 -3.035533905932737 0.7071067811865476
-2.5232993236849124 -3.473023569057052 0.7071067811865476
-1.9489327377376313 -3.824995865606788 0.7071067811865476
-1.326576959650327 -4.08278406951181 0.7071067811865476
-0.6715564541599178 -4.240040579641978 0.7071067811865476
-7.885916909251908e-16 -4.292893218813452 0.7071067811865476
0.6715564541599163 -4.2400405796419784 0.7071067811865476
1.3265769596503256 -4.082784069511811 0.7071067811865476
1.94893273773763 -3.824995865606789 0.7071067811865476
2.523299323684911 -3.473023569057053 0.7071067811865476
3.0355339059327364 -3.035533905932738 0.7071067811865476
3.473023569057052 -2.523299323684913 0.7071067811865476
3.824995865606788 -1.9489327377376315 0.7071067811865476
4.08278406951181 -1.3265769596503274 0.7071067811865476
4.240040579641978 -0.671556454159918 0.7071067811865476
4.1909830056250525 0.0 0.5877852522924732
4.139385050288231 0.655614184477654 0.5877852522924732
3.9858616971819543 1.295084971874737 0.5877852522924732
3.7341932007744973 1.9026664691236652 0.5877852522924732
3.3905764746872635 2.463398003314789 0.5877852522924732
2.9634725031150535 2.963472503115053 0.5877852522924732
2.463398003314789 3.3905764746872635 0.5877852522924732
1.9026664691236654 3.734193200774497 0.5877852522924732
1.2950849718747373 3.9858616971819543 0.5877852522924732
0.6556141844776542 4.139385050288231 0.5877852522924732
2.566236961559837e-16 4.1909830056250525 0.5877852522924732
-0.6556141844776537 4.139385050288231 0.5877852522924732
-1.2950849718747368 3.9858616971819547 0.5877852522924732
-1.902666469123665 3.7341932007744973 0.5877852522924732
-2.463398003314788 3.3905764746872635 0.5877852522924732
-2.963472503115053 2.9634725031150535 0.5877852522924732
-3.390576474687263 2.4633980033147895 0.5877852522924732
-3.734193200774497 1.9026664691236657 0.5877852522924732
-3.9858616971819543 1.2950849718747375 0.5877852522924732
-4.13938505028823 0.6556141844776544 0.5877852522924732
-4.1909830056250525 5.132473923119674e-16 0.5877852522924732
-4.139385050288231 -0.6556141844776534 0.5877852522924732
-3.9858616971819547 -1.2950849718747366 0.5877852522924732
-3.7341932007744973 -1.902666469123665 0.5877852522924732
-3.390576474687264 -2.463398003314788 0.5877852522924732
-2.963472503115054 -2.963472503115053 0.5877852522924732
-2.4633980033147895 -3.390576474687263 0.5877852522924732
-1.9026664691236659 -3.734193200774497 0.5877852522924732
-1.2950849718747377 -3.9858616971819543 0.5877852522924732
-0.6556141844776546 -4.13938505028823 0.5877852522924732
-7.698710884679511e-16 -4.1909830056250525 0.5877852522924732
0.6556141844776532 -4.139385050288231 0.5877852522924732
1.2950849718747364 -3.9858616971819547 0.5877852522924732
1.9026664691236648 -3.7341932007744973 0.5877852522924732
2.4633980033147878 -3.390576474687264 0.5877852522924732
2.9634725031150526 -2.963472503115054 0.5877852522924732
3.390576474687263 -2.46339800331479 0.5877852522924732
3.734193200774497 -1.902666469123666 0.5877852522924732
3.9858616971819543 -1.295084971874738 0.5877852522924732
4.13938505028823 -0.655614184477655 0.5877852522924732
4.108993475811632 0.0 0.45399049973954686
4.058404947640638 0.6427881962423915 0.45399049973954686
3.9078850205849247 1.2697488138015787 0.45399049973954686
3.6611399947956027 1.8654440015102598 0.45399049973954686
3.3242455517073948 2.415205766848066 0.45399049973954686
2.905497150597687 2.9054971505976868 0.45399049973954686
2.415205766848066 3.3242455517073948 0.45399049973954686
1.8654440015102602 3.6611399947956023 0.45399049973954686
1.269748813801579 3.9078850205849247 0.45399049973954686
0.6427881962423917 4.058404947640638 0.45399049973954686
2.5160328539350363e-16 4.108993475811632 0.45399049973954686
-0.6427881962423913 4.058404947640638 0.45399049973954686
-1.2697488138015782 3.907885020584925 0.45399049973954686
-1.8654440015102596 3.6611399947956027 0.45399049973954686
-2.4152057668480658 3.3242455517073948 0.45399049973954686
-2.9054971505976868 2.905497150597687 0.45399049973954686
-3.3242455517073943 2.4152057668480666 0.45399049973954686
-3.6611399947956023 1.8654440015102605 0.45399049973954686
-3.9078850205849247 1.2697488138015791 0.45399049973954686
-4.058404947640637 0.6427881962423919 0.45399049973954686
-4.108993475811632 5.032065707870073e-16 0.45399049973954686
-4.058404947640638 -0.6427881962423909 0.45399049973954686
-3.907885020584925 -1.269748813801578 0.45399049973954686
-3.6611399947956027 -1.8654440015102596 0.45399049973954686
-3.324245551707395 -2.4152057668480658 0.45399049973954686
-2.9054971505976877 -2.9054971505976868 0.45399049973954686
-2.4152057668480666 -3.3242455517073943 0.45399049973954686
-1.8654440015102607 -3.6611399947956023 0.45399049973954686
-1.2697488138015793 -3.9078850205849247 0.45399049973954686
-0.6427881962423921 -4.058404947640637 0.45399049973954686
-7.548098561805108e-16 -4.108993475811632 0.45399049973954686
0.6427881962423906 -4.058404947640638 0.45399049973954686
1.2697488138015778 -3.907885020584925 0.45399049973954686
1.8654440015102594 -3.6611399947956027 0.45399049973954686
2.4152057668480653 -3.324245551707395 0.45399049973954686
2.9054971505976863 -2.9054971505976877 0.45399049973954686
3.3242455517073943 -2.415205766848067 0.45399049973954686
3.6611399947956023 -1.865444001510261 0.45399049973954686
3.9078850205849247 -1.2697488138015796 0.45399049973954686
4.058404947640637 -0.6427881962423924 0.45399049973954686
4.048943483704846 0.0 0.3090169943749475
3.999094270583936 0.6333943078514964 0.3090169943749475
3.850774084288294 1.2511923457285004 0.3090169943749475
3.6076350600509968 1.8381818755843446 0.3090169943749475
3.2756640875809238 2.379909267087418 0.3090169943749475
2.8630353939687803 2.86303539396878 0.3090169943749475
2.379909267087418 3.2756640875809238 0.3090169943749475
1.8381818755843449 3.6076350600509963 0.3090169943749475
1.2511923457285006 3.850774084288294 0.3090169943749475
0.6333943078514966 3.999094270583936 0.3090169943749475
2.479262838623837e-16 4.048943483704846 0.3090169943749475
-0.6333943078514962 3.999094270583936 0.3090169943749475
-1.2511923457285001 3.8507740842882945 0.3090169943749475
-1.8381818755843444 3.6076350600509968 0.3090169943749475
-2.3799092670874176 3.2756640875809238 0.3090169943749475
-2.86303539396878 2.8630353939687803 0.3090169943749475
-3.2756640875809233 2.3799092670874185 0.3090169943749475
-3.6076350600509963 1.838181875584345 0.3090169943749475
-3.850774084288294 1.2511923457285008 0.3090169943749475
-3.9990942705839356 0.6333943078514969 0.3090169943749475
-4.048943483704846 4.958525677247674e-16 0.3090169943749475
-3.999094270583936 -0.6333943078514959 0.3090169943749475
-3.8507740842882945 -1.2511923457285 0.3090169943749475
-3.6076350600509968 -1.8381818755843444 0.3090169943749475
-3.275664087580924 -2.3799092670874176 0.3090169943749475
-2.8630353939687807 -2.86303539396878 0.3090169943749475
-2.3799092670874185 -3.2756640875809233 0.3090169943749475
-1.8381818755843453 -3.6076350600509963 0.3090169943749475
-1.251192345728501 -3.850774084288294 0.3090169943749475
-0.6333943078514971 -3.9990942705839356 0.3090169943749475
-7.43778851587151e-16 -4.048943483704846 0.3090169943749475
0.6333943078514955 -3.999094270583936 0.3090169943749475
1.2511923457284997 -3.8507740842882945 0.3090169943749475
1.8381818755843442 -3.6076350600509968 0.3090169943749475
2.379909267087417 -3.275664087580924 0.3090169943749475
2.8630353939687794 -2.8630353939687807 0.3090169943749475
3.2756640875809233 -2.379909267087419 0.3090169943749475
3.6076350600509963 -1.8381818755843455 0.3090169943749475
3.850774084288294 -1.2511923457285012 0.3090169943749475
3.9990942705839356 -0.6333943078514973 0.3090169943749475
4.012311659404863 0.0 0.15643446504023098
3.9629134448281125 0.6276638280136807 0.15643446504023098
3.8159351490840154 1.2398724894848483 0.15643446504023098
3.5749958656067893 1.8215513753640238 0.15643446504023098
3.24602831918728 2.3583776209993186 0.15643446504023098
2.837132782599028 2.8371327825990273 0.15643446504023098
2.3583776209993186 3.24602831918728 0.15643446504023098
1.821551375364024 3.574995865606789 0.15643446504023098
1.2398724894848485 3.8159351490840154 0.15643446504023098
0.6276638280136809 3.9629134448281125 0.15643446504023098
2.4568323154358853e-16 4.012311659404863 0.15643446504023098
-0.6276638280136805 3.9629134448281125 0.15643446504023098
-1.239872489484848 3.815935149084016 0.15643446504023098
-1.8215513753640236 3.5749958656067893 0.15643446504023098
-2.358377620999318 3.24602831918728 0.15643446504023098
-2.8371327825990273 2.837132782599028 0.15643446504023098
-3.2460283191872796 2.358377620999319 0.15643446504023098
-3.574995865606789 1.8215513753640242 0.15643446504023098
-3.8159351490840154 1.2398724894848487 0.15643446504023098
-3.962913444828112 0.6276638280136811 0.15643446504023098
-4.012311659404863 4.913664630871771e-16 0.15643446504023098
-3.9629134448281125 -0.6276638280136801 0.15643446504023098
-3.815935149084016 -1.2398724894848479 0.15643446504023098
-3.5749958656067893 -1.8215513753640236 0.15643446504023098
-3.2460283191872805 -2.358377620999318 0.15643446504023098
-2.8371327825990282 -2.8371327825990273 0.15643446504023098
-2.358377620999319 -3.2460283191872796 0.15643446504023098
-1.8215513753640244 -3.574995865606789 0.15643446504023098
-1.239872489484849 -3.8159351490840154 0.15643446504023098
-0.6276638280136814 -3.962913444828112 0.15643446504023098
-7.370496946307655e-16 -4.012311659404863 0.15643446504023098
0.6276638280136799 -3.9629134448281125 0.15643446504023098
1.2398724894848476 -3.815935149084016 0.15643446504023098
1.8215513753640233 -3.5749958656067893 0.15643446504023098
2.3583776209993177 -3.2460283191872805 0.15643446504023098
2.837132782599027 -2.8371327825990282 0.15643446504023098
3.2460283191872796 -2.3583776209993195 0.15643446504023098
3.574995865606789 -1.8215513753640247 0.15643446504023098
3.8159351490840154 -1.2398724894848492 0.15643446504023098
3.962913444828112 -0.6276638280136816 0.15643446504023098
4.0 0.0 1.2246467991473532e-16
3.950753362380551 0.6257378601609235 1.2246467991473532e-16
3.804226065180614 1.2360679774997896 1.2246467991473532e-16
3.5640260967534716 1.815961998958187 1.2246467991473532e-16
3.23606797749979 2.3511410091698925 1.2246467991473532e-16
2.8284271247461903 2.82842712474619 1.2246467991473532e-16
2.3511410091698925 3.23606797749979 1.2246467991473532e-16
1.8159619989581872 3.564026096753471 1.2246467991473532e-16
1.2360679774997898 3.804226065180614 1.2246467991473532e-16
0.6257378601609237 3.950753362380551 1.2246467991473532e-16
2.4492935982947064e-16 4.0 1.2246467991473532e-16
-0.6257378601609233 3.950753362380551 1.2246467991473532e-16
-1.2360679774997894 3.8042260651806146 1.2246467991473532e-16
-1.8159619989581868 3.5640260967534716 1.2246467991473532e-16
-2.351141009169892 3.23606797749979 1.2246467991473532e-16
-2.82842712474619 2.8284271247461903 1.2246467991473532e-16
-3.2360679774997894 2.351141009169893 1.2246467991473532e-16
-3.564026096753471 1.8159619989581874 1.2246467991473532e-16
-3.804226065180614 1.23606797749979 1.2246467991473532e-16
-3.9507533623805506 0.6257378601609239 1.2246467991473532e-16
-4.0 4.898587196589413e-16 1.2246467991473532e-16
-3.950753362380551 -0.6257378601609229 1.2246467991473532e-16
-3.8042260651806146 -1.2360679774997891 1.2246467991473532e-16
-3.5640260967534716 -1.8159619989581868 1.2246467991473532e-16
-3.2360679774997902 -2.351141009169892 1.2246467991473532e-16
-2.8284271247461907 -2.82842712474619 1.2246467991473532e-16
-2.351141009169893 -3.2360679774997894 1.2246467991473532e-16
-1.8159619989581877 -3.564026096753471 1.2246467991473532e-16
-1.2360679774997902 -3.804226065180614 1.2246467991473532e-16
-0.6257378601609241 -3.9507533623805506 1.2246467991473532e-16
-7.347880794884119e-16 -4.0 1.2246467991473532e-16
0.6257378601609227 -3.950753362380551 1.2246467991473532e-16
1.236067977499789 -3.8042260651806146 1.2246467991473532e-16
1.8159619989581866 -3.5640260967534716 1.2246467991473532e-16
2.3511410091698917 -3.2360679774997902 1.2246467991473532e-16
2.8284271247461894 -2.8284271247461907 1.2246467991473532e-16
3.2360679774997894 -2.3511410091698934 1.2246467991473532e-16
3.564026096753471 -1.8159619989581879 1.2246467991473532e-16
3.804226065180614 -1.2360679774997905 1.2246467991473532e-16
3.9507533623805506 -0.6257378601609244 1.2246467991473532e-16
4.012311659404862 0.0 -0.15643446504023073
3.9629134448281116 0.6276638280136806 -0.15643446504023073
3.8159351490840145 1.239872489484848 -0.15643446504023073
3.5749958656067884 1.8215513753640233 -0.15643446504023073
3.246028319187279 2.358377620999318 -0.15643446504023073
2.8371327825990273 2.837132782599027 -0.15643446504023073
2.358377620999318 3.246028319187279 -0.15643446504023073
1.8215513753640236 3.574995865606788 -0.15643446504023073
1.2398724894848483 3.8159351490840145 -0.15643446504023073
0.6276638280136808 3.9629134448281116 -0.15643446504023073
2.456832315435885e-16 4.012311659404862 -0.15643446504023073
-0.6276638280136804 3.9629134448281116 -0.15643446504023073
-1.2398724894848479 3.815935149084015 -0.15643446504023073
-1.8215513753640231 3.5749958656067884 -0.15643446504023073
-2.3583776209993177 3.246028319187279 -0.15643446504023073
-2.837132782599027 2.8371327825990273 -0.15643446504023073
-3.2460283191872787 2.3583776209993186 -0.15643446504023073
-3.574995865606788 1.8215513753640238 -0.15643446504023073
-3.8159351490840145 1.2398724894848485 -0.15643446504023073
-3.962913444828111 0.627663828013681 -0.15643446504023073
-4.012311659404862 4.91366463087177e-16 -0.15643446504023073
-3.9629134448281116 -0.62766382801368 -0.15643446504023073
-3.815935149084015 -1.2398724894848476 -0.15643446504023073
-3.5749958656067884 -1.8215513753640231 -0.15643446504023073
-3.2460283191872796 -2.3583776209993177 -0.15643446504023073
-2.837132782599028 -2.837132782599027 -0.15643446504023073
-2.3583776209993186 -3.2460283191872787 -0.15643446504023073
-1.821551375364024 -3.574995865606788 -0.15643446504023073
-1.2398724894848487 -3.8159351490840145 -0.15643446504023073
-0.6276638280136813 -3.962913444828111 -0.15643446504023073
-7.370496946307653e-16 -4.012311659404862 -0.15643446504023073
0.6276638280136798 -3.9629134448281116 -0.15643446504023073
1.2398724894848474 -3.815935149084015 -0.15643446504023073
1.821551375364023 -3.5749958656067884 -0.15643446504023073
2.3583776209993172 -3.2460283191872796 -0.15643446504023073
2.8371327825990265 -2.837132782599028 -0.15643446504023073
3.2460283191872787 -2.358377620999319 -0.15643446504023073
3.574995865606788 -1.8215513753640242 -0.15643446504023073
3.8159351490840145 -1.239872489484849 -0.15643446504023073
3.962913444828111 -0.6276638280136815 -0.15643446504023073
4.048943483704846 0.0 -0.3090169943749473
3.999094270583936 0.6333943078514964 -0.3090169943749473
3.850774084288294 1.2511923457285004 -0.3090169943749473
3.6076350600509968 1.8381818755843446 -0.3090169943749473
3.2756640875809238 2.379909267087418 -0.3090169943749473
2.8630353939687803 2.86303539396878 -0.3090169943749473
2.379909267087418 3.2756640875809238 -0.3090169943749473
1.8381818755843449 3.6076350600509963 -0.3090169943749473
1.2511923457285006 3.850774084288294 -0.3090169943749473
0.6333943078514966 3.999094270583936 -0.3090169943749473
2.479262838623837e-16 4.048943483704846 -0.3090169943749473
-0.6333943078514962 3.999094270583936 -0.3090169943749473
-1.2511923457285001 3.8507740842882945 -0.3090169943749473
-1.8381818755843444 3.6076350600509968 -0.3090169943749473
-2.3799092670874176 3.2756640875809238 -0.3090169943749473
-2.86303539396878 2.8630353939687803 -0.3090169943749473
-3.2756640875809233 2.3799092670874185 -0.3090169943749473
-3.6076350600509963 1.838181875584345 -0.3090169943749473
-3.850774084288294 1.2511923457285008 -0.3090169943749473
-3.9990942705839356 0.6333943078514969 -0.3090169943749473
-4.048943483704846 4.958525677247674e-16 -0.3090169943749473
-3.999094270583936 -0.6333943078514959 -0.3090169943749473
-3.8507740842882945 -1.2511923457285 -0.3090169943749473
-3.6076350600509968 -1.8381818755843444 -0.3090169943749473
-3.275664087580924 -2.3799092670874176 -0.3090169943749473
-2.8630353939687807 -2.86303539396878 -0.3090169943749473
-2.3799092670874185 -3.2756640875809233 -0.3090169943749473
-1.8381818755843453 -3.6076350600509963 -0.3090169943749473
-1.251192345728501 -3.850774084288294 -0.3090169943749473
-0.6333943078514971 -3.9990942705839356 -0.3090169943749473
-7.43778851587151e-16 -4.048943483704846 -0.3090169943749473
0.6333943078514955 -3.999094270583936 -0.3090169943749473
1.2511923457284997 -3.8507740842882945 -0.3090169943749473
1.8381818755843442 -3.6076350600509968 -0.3090169943749473
2.379909267087417 -3.275664087580924 -0.3090169943749473
2.8630353939687794 -2.8630353939687807 -0.3090169943749473
3.2756640875809233 -2.379909267087419 -0.3090169943749473
3.6076350600509963 -1.8381818755843455 -0.3090169943749473
3.850774084288294 -1.2511923457285012 -0.3090169943749473
3.9990942705839356 -0.6333943078514973 -0.3090169943749473
4.108993475811632 0.0 -0.4539904997395467
4.058404947640638 0.6427881962423915 -0.4539904997395467
3.9078850205849247 1.2697488138015787 -0.4539904997395467
3.6611399947956027 1.8654440015102598 -0.4539904997395467
3.3242455517073948 2.415205766848066 -0.4539904997395467
2.905497150597687 2.9054971505976868 -0.4539904997395467
2.415205766848066 3.3242455517073948 -0.4539904997395467
1.8654440015102602 3.6611399947956023 -0.4539904997395467
1.269748813801579 3.9078850205849247 -0.4539904997395467
0.6427881962423917 4.058404947640638 -0.4539904997395467
2.5160328539350363e-16 4.108993475811632 -0.4539904997395467
-0.6427881962423913 4.058404947640638 -0.4539904997395467
-1.2697488138015782 3.907885020584925 -0.4539904997395467
-1.8654440015102596 3.6611399947956027 -0.4539904997395467
-2.4152057668480658 3.3242455517073948 -0.4539904997395467
-2.9054971505976868 2.905497150597687 -0.4539904997395467
-3.3242455517073943 2.4152057668480666 -0.4539904997395467
-3.6611399947956023 1.8654440015102605 -0.4539904997395467
-3.9078850205849247 1.2697488138015791 -0.4539904997395467
-4.058404947640637 0.6427881962423919 -0.4539904997395467
-4.108993475811632 5.032065707870073e-16 -0.4539904997395467
-4.058404947640638 -0.6427881962423909 -0.4539904997395467
-3.907885020584925 -1.269748813801578 -0.4539904997395467
-3.6611399947956027 -1.8654440015102596 -0.4539904997395467
-3.324245551707395 -2.4152057668480658 -0.4539904997395467
-2.9054971505976877 -2.9054971505976868 -0.4539904997395467
-2.4152057668480666 -3.3242455517073943 -0.4539904997395467
-1.8654440015102607 -3.6611399947956023 -0.4539904997395467
-1.2697488138015793 -3.9078850205849247 -0.4539904997395467
-0.6427881962423921 -4.058404947640637 -0.4539904997395467
-7.548098561805108e-16 -4.108993475811632 -0.4539904997395467
0.6427881962423906 -4.058404947640638 -0.4539904997395467
1.2697488138015778 -3.907885020584925 -0.4539904997395467
1.8654440015102594 -3.6611399947956027 -0.4539904997395467
2.4152057668480653 -3.324245551707395 -0.4539904997395467
2.9054971505976863 -2.9054971505976877 -0.4539904997395467
3.3242455517073943 -2.415205766848067 -0.4539904997395467
3.6611399947956023 -1.865444001510261 -0.4539904997395467
3.9078850205849247 -1.2697488138015796 -0.4539904997395467
4.058404947640637 -0.6427881962423924 -0.4539904997395467
4.1909830056250525 0.0 -0.587785252292473
4.139385050288231 0.655614184477654 -0.587785252292473
3.9858616971819543 1.295084971874737 -0.587785252292473
3.7341932007744973 1.9026664691236652 -0.587785252292473
3.3905764746872635 2.463398003314789 -0.587785252292473
2.9634725031150535 2.963472503115053 -0.587785252292473
2.463398003314789 3.3905764746872635 -0.587785252292473
1.9026664691236654 3.734193200774497 -0.587785252292473
1.2950849718747373 3.9858616971819543 -0.587785252292473
0.6556141844776542 4.139385050288231 -0.587785252292473
2.566236961559837e-16 4.1909830056250525 -0.587785252292473
-0.6556141844776537 4.139385050288231 -0.587785252292473
-1.2950849718747368 3.9858616971819547 -0.587785252292473
-1.902666469123665 3.7341932007744973 -0.587785252292473
-2.463398003314788 3.3905764746872635 -0.587785252292473
-2.963472503115053 2.9634725031150535 -0.587785252292473
-3.390576474687263 2.4633980033147895 -0.587785252292473
-3.734193200774497 1.9026664691236657 -0.587785252292473
-3.9858616971819543 1.2950849718747375 -0.587785252292473
-4.13938505028823 0.6556141844776544 -0.587785252292473
-4.1909830056250525 5.132473923119674e-16 -0.587785252292473
-4.139385050288231 -0.6556141844776534 -0.587785252292473
-3.9858616971819547 -1.2950849718747366 -0.587785252292473
-3.7341932007744973 -1.902666469123665 -0.587785252292473
-3.390576474687264 -2.463398003314788 -0.587785252292473
-2.963472503115054 -2.963472503115053 -0.587785252292473
-2.4633980033147895 -3.390576474687263 -0.587785252292473
-1.9026664691236659 -3.734193200774497 -0.587785252292473
-1.2950849718747377 -3.9858616971819543 -0.587785252292473
-0.6556141844776546 -4.13938505028823 -0.587785252292473
-7.698710884679511e-16 -4.1909830056250525 -0.587785252292473
0.6556141844776532 -4.139385050288231 -0.587785252292473
1.2950849718747364 -3.9858616971819547 -0.587785252292473
1.9026664691236648 -3.7341932007744973 -0.587785252292473
2.4633980033147878 -3.390576474687264 -0.587785252292473
2.9634725031150526 -2.963472503115054 -0.587785252292473
3.390576474687263 -2.46339800331479 -0.587785252292473
3.734193200774497 -1.902666469123666 -0.587785252292473
3.9858616971819543 -1.295084971874738 -0.587785252292473
4.13938505028823 -0.655614184477655 -0.587785252292473
4.292893218813452 0.0 -0.7071067811865475
4.2400405796419784 0.6715564541599172 -0.7071067811865475
4.08278406951181 1.3265769596503263 -0.7071067811865475
3.824995865606789 1.9489327377376304 -0.7071067811865475
3.4730235690570526 2.523299323684912 -0.7071067811865475
3.0355339059327378 3.035533905932737 -0.7071067811865475
2.523299323684912 3.4730235690570526 -0.7071067811865475
1.9489327377376309 3.824995865606788 -0.7071067811865475
1.3265769596503265 4.08278406951181 -0.7071067811865475
0.6715564541599174 4.2400405796419784 -0.7071067811865475
2.6286389697506364e-16 4.292893218813452 -0.7071067811865475
-0.6715564541599169 4.2400405796419784 -0.7071067811865475
-1.326576959650326 4.082784069511811 -0.7071067811865475
-1.9489327377376302 3.824995865606789 -0.7071067811865475
-2.5232993236849115 3.4730235690570526 -0.7071067811865475
-3.035533905932737 3.0355339059327378 -0.7071067811865475
-3.473023569057052 2.5232993236849124 -0.7071067811865475
-3.824995865606788 1.948932737737631 -0.7071067811865475
-4.08278406951181 1.3265769596503267 -0.7071067811865475
-4.240040579641978 0.6715564541599176 -0.7071067811865475
-4.292893218813452 5.257277939501273e-16 -0.7071067811865475
-4.2400405796419784 -0.6715564541599165 -0.7071067811865475
-4.082784069511811 -1.3265769596503258 -0.7071067811865475
-3.824995865606789 -1.9489327377376302 -0.7071067811865475
-3.473023569057053 -2.5232993236849115 -0.7071067811865475
-3.035533905932738 -3.035533905932737 -0.7071067811865475
-2.5232993236849124 -3.473023569057052 -0.7071067811865475
-1.9489327377376313 -3.824995865606788 -0.7071067811865475
-1.326576959650327 -4.08278406951181 -0.7071067811865475
-0.6715564541599178 -4.240040579641978 -0.7071067811865475
-7.885916909251908e-16 -4.292893218813452 -0.7071067811865475
0.6715564541599163 -4.2400405796419784 -0.7071067811865475
1.3265769596503256 -4.082784069511811 -0.7071067811865475
1.94893273773763 -3.824995865606789 -0.7071067811865475
2.523299323684911 -3.473023569057053 -0.7071067811865475
3.0355339059327364 -3.035533905932738 -0.7071067811865475
3.473023569057052 -2.523299323684913 -0.7071067811865475
3.824995865606788 -1.9489327377376315 -0.7071067811865475
4.08278406951181 -1.3265769596503274 -0.7071067811865475
4.240040579641978 -0.671556454159918 -0.7071067811865475
4.412214747707527 0.0 -0.8090169943749473
4.357893062512641 0.6902224537002442 -0.8090169943749473
4.19626558710082 1.3634493398733967 -0.8090169943749473
3.93131212632754 2.003103578269938 -0.8090169943749473
3.5695567137271604 2.593434758649839 -0.8090169943749473
3.1199069681552842 3.119906968155284 -0.8090169943749473
2.593434758649839 3.5695567137271604 -0.8090169943749473
2.0031035782699385 3.9313121263275392 -0.8090169943749473
1.363449339873397 4.19626558710082 -0.8090169943749473
0.6902224537002444 4.357893062512641 -0.8090169943749473
2.7017023339653846e-16 4.412214747707527 -0.8090169943749473
-0.6902224537002439 4.357893062512641 -0.8090169943749473
-1.3634493398733964 4.196265587100821 -0.8090169943749473
-2.003103578269938 3.93131212632754 -0.8090169943749473
-2.5934347586498387 3.5695567137271604 -0.8090169943749473
-3.119906968155284 3.1199069681552842 -0.8090169943749473
-3.56955671372716 2.5934347586498396 -0.8090169943749473
-3.9313121263275392 2.003103578269939 -0.8090169943749473
-4.19626558710082 1.3634493398733971 -0.8090169943749473
-4.357893062512641 0.6902224537002446 -0.8090169943749473
-4.412214747707527 5.403404667930769e-16 -0.8090169943749473
-4.357893062512641 -0.6902224537002435 -0.8090169943749473
-4.196265587100821 -1.3634493398733962 -0.8090169943749473
-3.93131212632754 -2.003103578269938 -0.8090169943749473
-3.569556713727161 -2.5934347586498387 -0.8090169943749473
-3.1199069681552847 -3.119906968155284 -0.8090169943749473
-2.5934347586498396 -3.56955671372716 -0.8090169943749473
-2.003103578269939 -3.9313121263275392 -0.8090169943749473
-1.3634493398733973 -4.19626558710082 -0.8090169943749473
-0.6902224537002448 -4.357893062512641 -0.8090169943749473
-8.105107001896153e-16 -4.412214747707527 -0.8090169943749473
0.6902224537002433 -4.357893062512641 -0.8090169943749473
1.363449339873396 -4.196265587100821 -0.8090169943749473
2.0031035782699376 -3.93131212632754 -0.8090169943749473
2.5934347586498383 -3.569556713727161 -0.8090169943749473
3.1199069681552833 -3.1199069681552847 -0.8090169943749473
3.56955671372716 -2.59343475864984 -0.8090169943749473
3.9313121263275392 -2.0031035782699393 -0.8090169943749473
4.19626558710082 -1.3634493398733978 -0.8090169943749473
4.357893062512641 -0.6902224537002452 -0.8090169943749473
4.546009500260453 0.0 -0.8910065241883678
4.4900405796419784 0.7111525642410513 -0.8910065241883678
4.323511958362379 1.4047941921704419 -0.8910065241883678
4.050524123754366 2.0638451248439704 -0.8910065241883678
3.6777989423006687 2.67207734103457 -0.8910065241883678
3.2145141449726347 3.214514144972634 -0.8910065241883678
2.67207734103457 3.6777989423006687 -0.8910065241883678
2.0638451248439704 4.050524123754365 -0.8910065241883678
1.404794192170442 4.323511958362379 -0.8910065241883678
0.7111525642410516 4.4900405796419784 -0.8910065241883678
2.783627991693711e-16 4.546009500260453 -0.8910065241883678
-0.711152564241051 4.4900405796419784 -0.8910065241883678
-1.4047941921704417 4.323511958362379 -0.8910065241883678
-2.06384512484397 4.050524123754366 -0.8910065241883678
-2.6720773410345697 3.6777989423006687 -0.8910065241883678
-3.214514144972634 3.2145141449726347 -0.8910065241883678
-3.6777989423006683 2.6720773410345706 -0.8910065241883678
-4.050524123754365 2.063845124843971 -0.8910065241883678
-4.323511958362379 1.4047941921704423 -0.8910065241883678
-4.4900405796419784 0.7111525642410518 -0.8910065241883678
-4.546009500260453 5.567255983387422e-16 -0.8910065241883678
-4.4900405796419784 -0.7111525642410507 -0.8910065241883678
-4.323511958362379 -1.4047941921704414 -0.8910065241883678
-4.050524123754366 -2.06384512484397 -0.8910065241883678
-3.677798942300669 -2.6720773410345697 -0.8910065241883678
-3.214514144972635 -3.214514144972634 -0.8910065241883678
-2.6720773410345706 -3.6777989423006683 -0.8910065241883678
-2.0638451248439713 -4.050524123754365 -0.8910065241883678
-1.4047941921704428 -4.323511958362379 -0.8910065241883678
-0.711152564241052 -4.4900405796419784 -0.8910065241883678
-8.350883975081134e-16 -4.546009500260453 -0.8910065241883678
0.7111525642410504 -4.4900405796419784 -0.8910065241883678
1.4047941921704412 -4.323511958362379 -0.8910065241883678
2.06384512484397 -4.050524123754366 -0.8910065241883678
2.6720773410345693 -3.677798942300669 -0.8910065241883678
3.2145141449726338 -3.214514144972635 -0.8910065241883678
3.6777989423006683 -2.672077341034571 -0.8910065241883678
4.050524123754365 -2.0638451248439713 -0.8910065241883678
4.323511958362379 -1.404794192170443 -0.8910065241883678
4.4900405796419784 -0.7111525642410523 -0.8910065241883678
4.6909830056250525 0.0 -0.9510565162951535
4.6332292205858 0.7338314169977694 -0.9510565162951535
4.461389955329531 1.4495934690622108 -0.9510565162951535
4.179696462868681 2.1296617189934386 -0.9510565162951535
3.7950849718747373 2.7572906294610253 -0.9510565162951535
3.3170258937083275 3.3170258937083266 -0.9510565162951535
2.7572906294610253 3.7950849718747373 -0.9510565162951535
2.129661718993439 4.179696462868681 -0.9510565162951535
1.449593469062211 4.461389955329531 -0.9510565162951535
0.7338314169977697 4.6332292205858 -0.9510565162951535
2.8723986613466753e-16 4.6909830056250525 -0.9510565162951535
-0.7338314169977691 4.6332292205858 -0.9510565162951535
-1.4495934690622105 4.4613899553295315 -0.9510565162951535
-2.1296617189934386 4.179696462868681 -0.9510565162951535
-2.757290629461025 3.7950849718747373 -0.9510565162951535
-3.3170258937083266 3.3170258937083275 -0.9510565162951535
-3.795084971874737 2.7572906294610258 -0.9510565162951535
-4.179696462868681 2.129661718993439 -0.9510565162951535
-4.461389955329531 1.4495934690622112 -0.9510565162951535
-4.6332292205857994 0.7338314169977699 -0.9510565162951535
-4.6909830056250525 5.744797322693351e-16 -0.9510565162951535
-4.6332292205858 -0.7338314169977688 -0.9510565162951535
-4.4613899553295315 -1.44959346906221 -0.9510565162951535
-4.179696462868681 -2.1296617189934386 -0.9510565162951535
-3.7950849718747377 -2.757290629461025 -0.9510565162951535
-3.317025893708328 -3.3170258937083266 -0.9510565162951535
-2.7572906294610258 -3.795084971874737 -0.9510565162951535
-2.1296617189934395 -4.179696462868681 -0.9510565162951535
-1.4495934690622114 -4.461389955329531 -0.9510565162951535
-0.7338314169977702 -4.6332292205857994 -0.9510565162951535
-8.617195984040026e-16 -4.6909830056250525 -0.9510565162951535
0.7338314169977685 -4.6332292205858 -0.9510565162951535
1.4495934690622099 -4.4613899553295315 -0.9510565162951535
2.129661718993438 -4.179696462868681 -0.9510565162951535
2.7572906294610244 -3.7950849718747377 -0.9510565162951535
3.317025893708326 -3.317025893708328 -0.9510565162951535
3.795084971874737 -2.7572906294610267 -0.9510565162951535
4.179696462868681 -2.1296617189934395 -0.9510565162951535
4.461389955329531 -1.4495934690622116 -0.9510565162951535
4.6332292205857994 -0.7338314169977704 -0.9510565162951535
4.843565534959769 0.0 -0.9876883405951377
4.783933205788215 0.7577005833487311 -0.9876883405951377
4.6065045641261095 1.496744063671352 -0.9876883405951377
4.315648491983076 2.1989327377376306 -0.9876883405951377
3.9185268311512367 2.8469763899614553 -0.9876883405951377
3.4249180348915007 3.4249180348915 -0.9876883405951377
2.8469763899614553 3.9185268311512367 -0.9876883405951377
2.1989327377376306 4.315648491983076 -0.9876883405951377
1.4967440636713523 4.6065045641261095 -0.9876883405951377
0.7577005833487314 4.783933205788215 -0.9876883405951377
2.9658285144244593e-16 4.843565534959769 -0.9876883405951377
-0.7577005833487308 4.783933205788215 -0.9876883405951377
-1.4967440636713516 4.6065045641261095 -0.9876883405951377
-2.19893273773763 4.315648491983076 -0.9876883405951377
-2.846976389961455 3.9185268311512367 -0.9876883405951377
-3.4249180348915 3.4249180348915007 -0.9876883405951377
-3.9185268311512362 2.8469763899614557 -0.9876883405951377
-4.315648491983076 2.198932737737631 -0.9876883405951377
-4.6065045641261095 1.4967440636713525 -0.9876883405951377
-4.783933205788214 0.7577005833487316 -0.9876883405951377
-4.843565534959769 5.931657028848919e-16 -0.9876883405951377
-4.783933205788215 -0.7577005833487304 -0.9876883405951377
-4.6065045641261095 -1.4967440636713514 -0.9876883405951377
-4.315648491983076 -2.19893273773763 -0.9876883405951377
-3.918526831151237 -2.846976389961455 -0.9876883405951377
-3.424918034891501 -3.4249180348915 -0.9876883405951377
-2.8469763899614557 -3.9185268311512362 -0.9876883405951377
-2.1989327377376315 -4.315648491983076 -0.9876883405951377
-1.4967440636713527 -4.6065045641261095 -0.9876883405951377
-0.7577005833487319 -4.783933205788214 -0.9876883405951377
-8.897485543273377e-16 -4.843565534959769 -0.9876883405951377
0.7577005833487301 -4.783933205788215 -0.9876883405951377
1.4967440636713512 -4.6065045641261095 -0.9876883405951377
2.19893273773763 -4.315648491983076 -0.9876883405951377
2.8469763899614544 -3.918526831151237 -0.9876883405951377
3.4249180348914994 -3.424918034891501 -0.9876883405951377
3.9185268311512362 -2.8469763899614566 -0.9876883405951377
4.315648491983076 -2.1989327377376315 -0.9876883405951377
4.6065045641261095 -1.496744063671353 -0.9876883405951377
4.783933205788214 -0.7577005833487321 -0.9876883405951377
5.0 0.0 -1.0
4.938441702975689 0.7821723252011543 -1.0
4.755282581475767 1.545084971874737 -1.0
4.455032620941839 2.2699524986977337 -1.0
4.045084971874737 2.938926261462366 -1.0
3.5355339059327378 3.5355339059327373 -1.0
2.938926261462366 4.045084971874737 -1.0
2.269952498697734 4.455032620941839 -1.0
1.5450849718747373 4.755282581475767 -1.0
0.7821723252011547 4.938441702975689 -1.0
3.061616997868383e-16 5.0 -1.0
-0.7821723252011541 4.938441702975689 -1.0
-1.5450849718747368 4.755282581475768 -1.0
-2.2699524986977333 4.455032620941839 -1.0
-2.938926261462365 4.045084971874737 -1.0
-3.5355339059327373 3.5355339059327378 -1.0
-4.045084971874736 2.9389262614623664 -1.0
-4.455032620941839 2.269952498697734 -1.0
-4.755282581475767 1.5450849718747375 -1.0
-4.938441702975688 0.7821723252011549 -1.0
-5.0 6.123233995736766e-16 -1.0
-4.938441702975689 -0.7821723252011537 -1.0
-4.755282581475768 -1.5450849718747364 -1.0
-4.455032620941839 -2.2699524986977333 -1.0
-4.045084971874738 -2.938926261462365 -1.0
-3.5355339059327386 -3.5355339059327373 -1.0
-2.9389262614623664 -4.045084971874736 -1.0
-2.2699524986977346 -4.455032620941839 -1.0
-1.5450849718747377 -4.755282581475767 -1.0
-0.7821723252011552 -4.938441702975688 -1.0
-9.184850993605148e-16 -5.0 -1.0
0.7821723252011534 -4.938441702975689 -1.0
1.5450849718747361 -4.755282581475768 -1.0
2.2699524986977333 -4.455032620941839 -1.0
2.9389262614623646 -4.045084971874738 -1.0
3.535533905932737 -3.5355339059327386 -1.0
4.045084971874736 -2.938926261462367 -1.0
4.455032620941839 -2.2699524986977346 -1.0
4.755282581475767 -1.5450849718747381 -1.0
4.938441702975688 -0.7821723252011554 -1.0
5.15643446504023 0.0 -0.9876883405951378
5.092950200163162 0.8066440670535775 -0.9876883405951378
4.904060598825425 1.5934258800781218 -0.9876883405951378
4.594416749900602 2.3409722596578364 -0.9876883405951378
4.171643112598237 3.0308761329632756 -0.9876883405951378
3.646149776973975 3.646149776973974 -0.9876883405951378
3.0308761329632756 4.171643112598237 -0.9876883405951378
2.340972259657837 4.594416749900601 -0.9876883405951378
1.593425880078122 4.904060598825425 -0.9876883405951378
0.8066440670535777 5.092950200163162 -0.9876883405951378
3.1574054813123065e-16 5.15643446504023 -0.9876883405951378
-0.8066440670535772 5.092950200163162 -0.9876883405951378
-1.5934258800781214 4.904060598825426 -0.9876883405951378
-2.3409722596578364 4.594416749900602 -0.9876883405951378
-3.0308761329632747 4.171643112598237 -0.9876883405951378
-3.646149776973974 3.646149776973975 -0.9876883405951378
-4.171643112598237 3.030876132963276 -0.9876883405951378
-4.594416749900601 2.3409722596578373 -0.9876883405951378
-4.904060598825425 1.5934258800781222 -0.9876883405951378
-5.092950200163162 0.806644067053578 -0.9876883405951378
-5.15643446504023 6.314810962624613e-16 -0.9876883405951378
-5.092950200163162 -0.8066440670535767 -0.9876883405951378
-4.904060598825426 -1.5934258800781211 -0.9876883405951378
-4.594416749900602 -2.3409722596578364 -0.9876883405951378
-4.171643112598238 -3.0308761329632747 -0.9876883405951378
-3.6461497769739752 -3.646149776973974 -0.9876883405951378
-3.030876132963276 -4.171643112598237 -0.9876883405951378
-2.3409722596578373 -4.594416749900601 -0.9876883405951378
-1.5934258800781227 -4.904060598825425 -0.9876883405951378
-0.8066440670535783 -5.092950200163162 -0.9876883405951378
-9.472216443936919e-16 -5.15643446504023 -0.9876883405951378
0.8066440670535765 -5.092950200163162 -0.9876883405951378
1.593425880078121 -4.904060598825426 -0.9876883405951378
2.340972259657836 -4.594416749900602 -0.9876883405951378
3.0308761329632743 -4.171643112598238 -0.9876883405951378
3.6461497769739735 -3.6461497769739752 -0.9876883405951378
4.171643112598237 -3.0308761329632765 -0.9876883405951378
4.594416749900601 -2.3409722596578377 -0.9876883405951378
4.904060598825425 -1.593425880078123 -0.9876883405951378
5.092950200163162 -0.8066440670535786 -0.9876883405951378
5.3090169943749475 0.0 -0.9510565162951536
5.243654185365577 0.8305132334045393 -0.9510565162951536
5.049175207622004 1.6405764746872633 -0.9510565162951536
4.730368779014998 2.410243278402029 -0.9510565162951536
4.295084971874737 3.120561893463706 -0.9510565162951536
3.7540419181571485 3.754041918157148 -0.9510565162951536
3.120561893463706 4.295084971874737 -0.9510565162951536
2.4102432784020293 4.730368779014997 -0.9510565162951536
1.6405764746872635 5.049175207622004 -0.9510565162951536
0.8305132334045395 5.243654185365577 -0.9510565162951536
3.2508353343900905e-16 5.3090169943749475 -0.9510565162951536
-0.830513233404539 5.243654185365577 -0.9510565162951536
-1.6405764746872629 5.049175207622005 -0.9510565162951536
-2.4102432784020285 4.730368779014998 -0.9510565162951536
-3.120561893463705 4.295084971874737 -0.9510565162951536
-3.754041918157148 3.7540419181571485 -0.9510565162951536
-4.295084971874736 3.1205618934637065 -0.9510565162951536
-4.730368779014997 2.4102432784020293 -0.9510565162951536
-5.049175207622004 1.6405764746872638 -0.9510565162951536
-5.243654185365577 0.8305132334045399 -0.9510565162951536
-5.3090169943749475 6.501670668780181e-16 -0.9510565162951536
-5.243654185365577 -0.8305132334045385 -0.9510565162951536
-5.049175207622005 -1.6405764746872626 -0.9510565162951536
-4.730368779014998 -2.4102432784020285 -0.9510565162951536
-4.295084971874738 -3.120561893463705 -0.9510565162951536
-3.754041918157149 -3.754041918157148 -0.9510565162951536
-3.1205618934637065 -4.295084971874736 -0.9510565162951536
-2.41024327840203 -4.730368779014997 -0.9510565162951536
-1.6405764746872642 -5.049175207622004 -0.9510565162951536
-0.8305132334045402 -5.243654185365577 -0.9510565162951536
-9.752506003170271e-16 -5.3090169943749475 -0.9510565162951536
0.8305132334045382 -5.243654185365577 -0.9510565162951536
1.6405764746872624 -5.049175207622005 -0.9510565162951536
2.4102432784020285 -4.730368779014998 -0.9510565162951536
3.1205618934637047 -4.295084971874738 -0.9510565162951536
3.754041918157147 -3.754041918157149 -0.9510565162951536
4.295084971874736 -3.120561893463707 -0.9510565162951536
4.730368779014997 -2.4102432784020302 -0.9510565162951536
5.049175207622004 -1.6405764746872644 -0.9510565162951536
5.243654185365577 -0.8305132334045404 -0.9510565162951536
5.453990499739547 0.0 -0.8910065241883679
5.386842826309399 0.8531920861612574 -0.8910065241883679
5.187053204589157 1.685375751579032 -0.8910065241883679
4.8595411181293136 2.476059872551497 -0.8910065241883679
4.412371001448806 3.205775181890161 -0.8910065241883679
3.856553666892841 3.8565536668928404 -0.8910065241883679
3.205775181890161 4.412371001448806 -0.8910065241883679
2.4760598725514975 4.859541118129313 -0.8910065241883679
1.6853757515790324 5.187053204589157 -0.8910065241883679
0.8531920861612577 5.386842826309399 -0.8910065241883679
3.3396060040430546e-16 5.453990499739547 -0.8910065241883679
-0.8531920861612571 5.386842826309399 -0.8910065241883679
-1.6853757515790317 5.187053204589158 -0.8910065241883679
-2.4760598725514966 4.8595411181293136 -0.8910065241883679
-3.2057751818901603 4.412371001448806 -0.8910065241883679
-3.8565536668928404 3.856553666892841 -0.8910065241883679
-4.412371001448805 3.2057751818901616 -0.8910065241883679
-4.859541118129313 2.476059872551498 -0.8910065241883679
-5.187053204589157 1.6853757515790326 -0.8910065241883679
-5.386842826309398 0.853192086161258 -0.8910065241883679
-5.453990499739547 6.679212008086109e-16 -0.8910065241883679
-5.386842826309399 -0.8531920861612566 -0.8910065241883679
-5.187053204589158 -1.6853757515790315 -0.8910065241883679
-4.8595411181293136 -2.4760598725514966 -0.8910065241883679
-4.412371001448807 -3.2057751818901603 -0.8910065241883679
-3.8565536668928417 -3.8565536668928404 -0.8910065241883679
-3.2057751818901616 -4.412371001448805 -0.8910065241883679
-2.476059872551498 -4.859541118129313 -0.8910065241883679
-1.6853757515790329 -5.187053204589157 -0.8910065241883679
-0.8531920861612583 -5.386842826309398 -0.8910065241883679
-1.0018818012129163e-15 -5.453990499739547 -0.8910065241883679
0.8531920861612563 -5.386842826309399 -0.8910065241883679
1.685375751579031 -5.187053204589158 -0.8910065241883679
2.4760598725514966 -4.8595411181293136 -0.8910065241883679
3.20577518189016 -4.412371001448807 -0.8910065241883679
3.8565536668928395 -3.8565536668928417 -0.8910065241883679
4.412371001448805 -3.2057751818901625 -0.8910065241883679
4.859541118129313 -2.4760598725514984 -0.8910065241883679
5.187053204589157 -1.6853757515790333 -0.8910065241883679
5.386842826309398 -0.8531920861612586 -0.8910065241883679
5.587785252292473 0.0 -0.8090169943749476
5.518990343438737 0.8741221967020646 -0.8090169943749476
5.314299575850716 1.7267206038760772 -0.8090169943749476
4.978753115556139 2.5368014191255295 -0.8090169943749476
4.520613230022314 3.284417764274892 -0.8090169943749476
3.9511608437101913 3.951160843710191 -0.8090169943749476
3.284417764274892 4.520613230022314 -0.8090169943749476
2.5368014191255295 4.978753115556138 -0.8090169943749476
1.7267206038760776 5.314299575850716 -0.8090169943749476
0.8741221967020648 5.518990343438737 -0.8090169943749476
3.4215316617713816e-16 5.587785252292473 -0.8090169943749476
-0.8741221967020643 5.518990343438737 -0.8090169943749476
-1.726720603876077 5.314299575850716 -0.8090169943749476
-2.536801419125529 4.978753115556139 -0.8090169943749476
-3.2844177642748913 4.520613230022314 -0.8090169943749476
-3.951160843710191 3.9511608437101913 -0.8090169943749476
-4.520613230022313 3.2844177642748926 -0.8090169943749476
-4.978753115556138 2.53680141912553 -0.8090169943749476
-5.314299575850716 1.7267206038760778 -0.8090169943749476
-5.518990343438736 0.8741221967020651 -0.8090169943749476
-5.587785252292473 6.843063323542763e-16 -0.8090169943749476
-5.518990343438737 -0.8741221967020638 -0.8090169943749476
-5.314299575850716 -1.7267206038760767 -0.8090169943749476
-4.978753115556139 -2.536801419125529 -0.8090169943749476
-4.520613230022315 -3.2844177642748913 -0.8090169943749476
-3.951160843710192 -3.951160843710191 -0.8090169943749476
-3.2844177642748926 -4.520613230022313 -0.8090169943749476
-2.5368014191255304 -4.978753115556138 -0.8090169943749476
-1.7267206038760783 -5.314299575850716 -0.8090169943749476
-0.8741221967020655 -5.518990343438736 -0.8090169943749476
-1.0264594985314143e-15 -5.587785252292473 -0.8090169943749476
0.8741221967020635 -5.518990343438737 -0.8090169943749476
1.7267206038760763 -5.314299575850716 -0.8090169943749476
2.5368014191255286 -4.978753115556139 -0.8090169943749476
3.284417764274891 -4.520613230022315 -0.8090169943749476
3.9511608437101904 -3.951160843710192 -0.8090169943749476
4.520613230022313 -3.2844177642748935 -0.8090169943749476
4.978753115556138 -2.5368014191255304 -0.8090169943749476
5.314299575850716 -1.7267206038760785 -0.8090169943749476
5.518990343438736 -0.8741221967020658 -0.8090169943749476
5.707106781186547 0.0 -0.7071067811865477
5.636842826309398 0.8927881962423914 -0.7071067811865477
5.427781093439725 1.7635929840991473 -0.7071067811865477
5.0850693762768895 2.5909722596578364 -0.7071067811865477
4.617146374692421 3.354553199239819 -0.7071067811865477
4.035533905932738 4.035533905932737 -0.7071067811865477
3.354553199239819 4.617146374692421 -0.7071067811865477
2.590972259657837 5.085069376276889 -0.7071067811865477
1.7635929840991476 5.427781093439725 -0.7071067811865477
0.8927881962423917 5.636842826309398 -0.7071067811865477
3.4945950259861294e-16 5.707106781186547 -0.7071067811865477
-0.8927881962423911 5.636842826309398 -0.7071067811865477
-1.763592984099147 5.427781093439725 -0.7071067811865477
-2.5909722596578364 5.0850693762768895 -0.7071067811865477
-3.354553199239818 4.617146374692421 -0.7071067811865477
-4.035533905932737 4.035533905932738 -0.7071067811865477
-4.61714637469242 3.3545531992398194 -0.7071067811865477
-5.085069376276889 2.5909722596578373 -0.7071067811865477
-5.427781093439725 1.763592984099148 -0.7071067811865477
-5.636842826309398 0.892788196242392 -0.7071067811865477
-5.707106781186547 6.989190051972259e-16 -0.7071067811865477
-5.636842826309398 -0.8927881962423906 -0.7071067811865477
-5.427781093439725 -1.7635929840991467 -0.7071067811865477
-5.0850693762768895 -2.5909722596578364 -0.7071067811865477
-4.617146374692422 -3.354553199239818 -0.7071067811865477
-4.035533905932738 -4.035533905932737 -0.7071067811865477
-3.3545531992398194 -4.61714637469242 -0.7071067811865477
-2.5909722596578377 -5.085069376276889 -0.7071067811865477
-1.7635929840991482 -5.427781093439725 -0.7071067811865477
-0.8927881962423924 -5.636842826309398 -0.7071067811865477
-1.0483785077958388e-15 -5.707106781186547 -0.7071067811865477
0.8927881962423903 -5.636842826309398 -0.7071067811865477
1.7635929840991464 -5.427781093439725 -0.7071067811865477
2.590972259657836 -5.0850693762768895 -0.7071067811865477
3.3545531992398177 -4.617146374692422 -0.7071067811865477
4.035533905932736 -4.035533905932738 -0.7071067811865477
4.61714637469242 -3.35455319923982 -0.7071067811865477
5.085069376276889 -2.5909722596578377 -0.7071067811865477
5.427781093439725 -1.7635929840991487 -0.7071067811865477
5.636842826309398 -0.8927881962423927 -0.7071067811865477
5.8090169943749475 0.0 -0.5877852522924734
5.7374983556631465 0.9087304659246547 -0.5877852522924734
5.524703465769581 1.795084971874737 -0.5877852522924734
5.175872041109182 2.6372385282718023 -0.5877852522924734
4.699593469062211 3.4144545196099423 -0.5877852522924734
4.1075953087504224 4.107595308750422 -0.5877852522924734
3.4144545196099423 4.699593469062211 -0.5877852522924734
2.6372385282718027 5.175872041109181 -0.5877852522924734
1.7950849718747373 5.524703465769581 -0.5877852522924734
0.908730465924655 5.7374983556631465 -0.5877852522924734
3.556997034176929e-16 5.8090169943749475 -0.5877852522924734
-0.9087304659246543 5.7374983556631465 -0.5877852522924734
-1.7950849718747366 5.524703465769582 -0.5877852522924734
-2.637238528271802 5.175872041109182 -0.5877852522924734
-3.414454519609942 4.699593469062211 -0.5877852522924734
-4.107595308750422 4.1075953087504224 -0.5877852522924734
-4.6995934690622105 3.414454519609943 -0.5877852522924734
-5.175872041109181 2.6372385282718027 -0.5877852522924734
-5.524703465769581 1.7950849718747377 -0.5877852522924734
-5.737498355663146 0.9087304659246553 -0.5877852522924734
-5.8090169943749475 7.113994068353858e-16 -0.5877852522924734
-5.7374983556631465 -0.9087304659246539 -0.5877852522924734
-5.524703465769582 -1.7950849718747364 -0.5877852522924734
-5.175872041109182 -2.637238528271802 -0.5877852522924734
-4.699593469062211 -3.414454519609942 -0.5877852522924734
-4.1075953087504224 -4.107595308750422 -0.5877852522924734
-3.414454519609943 -4.6995934690622105 -0.5877852522924734
-2.637238528271803 -5.175872041109181 -0.5877852522924734
-1.795084971874738 -5.524703465769581 -0.5877852522924734
-0.9087304659246557 -5.737498355663146 -0.5877852522924734
-1.0670991102530785e-15 -5.8090169943749475 -0.5877852522924734
0.9087304659246536 -5.7374983556631465 -0.5877852522924734
1.795084971874736 -5.524703465769582 -0.5877852522924734
2.6372385282718014 -5.175872041109182 -0.5877852522924734
3.4144545196099414 -4.699593469062211 -0.5877852522924734
4.107595308750421 -4.1075953087504224 -0.5877852522924734
4.6995934690622105 -3.4144545196099436 -0.5877852522924734
5.175872041109181 -2.6372385282718036 -0.5877852522924734
5.524703465769581 -1.7950849718747381 -0.5877852522924734
5.737498355663146 -0.908730465924656 -0.5877852522924734
5.891006524188368 0.0 -0.45399049973954697
5.818478458310739 0.9215564541599173 -0.45399049973954697
5.60268014236661 1.8204211299478954 -0.45399049973954697
5.248925247088076 2.6744609958852075 -0.45399049973954697
4.76592439204208 3.462646756076665 -0.45399049973954697
4.165570661267789 4.165570661267788 -0.45399049973954697
3.462646756076665 4.76592439204208 -0.45399049973954697
2.674460995885208 5.248925247088076 -0.45399049973954697
1.8204211299478956 5.60268014236661 -0.45399049973954697
0.9215564541599176 5.818478458310739 -0.45399049973954697
3.60720114180173e-16 5.891006524188368 -0.45399049973954697
-0.9215564541599169 5.818478458310739 -0.45399049973954697
-1.8204211299478952 5.602680142366611 -0.45399049973954697
-2.6744609958852075 5.248925247088076 -0.45399049973954697
-3.4626467560766647 4.76592439204208 -0.45399049973954697
-4.165570661267788 4.165570661267789 -0.45399049973954697
-4.765924392042079 3.462646756076666 -0.45399049973954697
-5.248925247088076 2.6744609958852084 -0.45399049973954697
-5.60268014236661 1.820421129947896 -0.45399049973954697
-5.818478458310739 0.9215564541599179 -0.45399049973954697
-5.891006524188368 7.21440228360346e-16 -0.45399049973954697
-5.818478458310739 -0.9215564541599164 -0.45399049973954697
-5.602680142366611 -1.8204211299478947 -0.45399049973954697
-5.248925247088076 -2.6744609958852075 -0.45399049973954697
-4.765924392042081 -3.4626467560766647 -0.45399049973954697
-4.16557066126779 -4.165570661267788 -0.45399049973954697
-3.462646756076666 -4.765924392042079 -0.45399049973954697
-2.6744609958852084 -5.248925247088076 -0.45399049973954697
-1.8204211299478963 -5.60268014236661 -0.45399049973954697
-0.9215564541599183 -5.818478458310739 -0.45399049973954697
-1.082160342540519e-15 -5.891006524188368 -0.45399049973954697
0.9215564541599162 -5.818478458310739 -0.45399049973954697
1.8204211299478945 -5.602680142366611 -0.45399049973954697
2.674460995885207 -5.248925247088076 -0.45399049973954697
3.462646756076664 -4.765924392042081 -0.45399049973954697
4.165570661267787 -4.16557066126779 -0.45399049973954697
4.765924392042079 -3.4626467560766665 -0.45399049973954697
5.248925247088076 -2.674460995885209 -0.45399049973954697
5.60268014236661 -1.8204211299478967 -0.45399049973954697
5.818478458310739 -0.9215564541599186 -0.45399049973954697
5.951056516295154 0.0 -0.3090169943749476
5.877789135367442 0.9309503425508123 -0.3090169943749476
5.6597910786632415 1.8389775980209735 -0.3090169943749476
5.302430181832682 2.701723121811123 -0.3090169943749476
4.814505856168551 3.4979432558373134 -0.3090169943749476
4.208032417896695 4.208032417896694 -0.3090169943749476
3.4979432558373134 4.814505856168551 -0.3090169943749476
2.7017231218111233 5.3024301818326816 -0.3090169943749476
1.838977598020974 5.6597910786632415 -0.3090169943749476
0.9309503425508127 5.877789135367442 -0.3090169943749476
3.6439711571129294e-16 5.951056516295154 -0.3090169943749476
-0.930950342550812 5.877789135367442 -0.3090169943749476
-1.8389775980209733 5.659791078663242 -0.3090169943749476
-2.7017231218111224 5.302430181832682 -0.3090169943749476
-3.4979432558373125 4.814505856168551 -0.3090169943749476
-4.208032417896694 4.208032417896695 -0.3090169943749476
-4.81450585616855 3.497943255837314 -0.3090169943749476
-5.3024301818326816 2.7017231218111237 -0.3090169943749476
-5.6597910786632415 1.8389775980209742 -0.3090169943749476
-5.877789135367441 0.930950342550813 -0.3090169943749476
-5.951056516295154 7.287942314225859e-16 -0.3090169943749476
-5.877789135367442 -0.9309503425508114 -0.3090169943749476
-5.659791078663242 -1.8389775980209728 -0.3090169943749476
-5.302430181832682 -2.7017231218111224 -0.3090169943749476
-4.814505856168552 -3.4979432558373125 -0.3090169943749476
-4.208032417896696 -4.208032417896694 -0.3090169943749476
-3.497943255837314 -4.81450585616855 -0.3090169943749476
-2.7017231218111237 -5.3024301818326816 -0.3090169943749476
-1.8389775980209746 -5.6597910786632415 -0.3090169943749476
-0.9309503425508133 -5.877789135367441 -0.3090169943749476
-1.0931913471338787e-15 -5.951056516295154 -0.3090169943749476
0.9309503425508112 -5.877789135367442 -0.3090169943749476
1.8389775980209726 -5.659791078663242 -0.3090169943749476
2.7017231218111224 -5.302430181832682 -0.3090169943749476
3.497943255837312 -4.814505856168552 -0.3090169943749476
4.208032417896694 -4.208032417896696 -0.3090169943749476
4.81450585616855 -3.4979432558373147 -0.3090169943749476
5.3024301818326816 -2.701723121811124 -0.3090169943749476
5.6597910786632415 -1.8389775980209748 -0.3090169943749476
5.877789135367441 -0.9309503425508137 -0.3090169943749476
5.987688340595137 0.0 -0.1564344650402311
5.913969961123265 0.936680822388628 -0.1564344650402311
5.69463001386752 1.8502974542646256 -0.1564344650402311
5.3350693762768895 2.7183536220314437 -0.1564344650402311
4.844141624562194 3.519474901925413 -0.1564344650402311
4.233935029266448 4.233935029266447 -0.1564344650402311
3.519474901925413 4.844141624562194 -0.1564344650402311
2.718353622031444 5.335069376276889 -0.1564344650402311
1.850297454264626 5.69463001386752 -0.1564344650402311
0.9366808223886284 5.913969961123265 -0.1564344650402311
3.666401680300881e-16 5.987688340595137 -0.1564344650402311
-0.9366808223886277 5.913969961123265 -0.1564344650402311
-1.8502974542646253 5.6946300138675205 -0.1564344650402311
-2.7183536220314433 5.3350693762768895 -0.1564344650402311
-3.519474901925412 4.844141624562194 -0.1564344650402311
-4.233935029266447 4.233935029266448 -0.1564344650402311
-4.8441416245621935 3.5194749019254132 -0.1564344650402311
-5.335069376276889 2.7183536220314446 -0.1564344650402311
-5.69463001386752 1.8502974542646262 -0.1564344650402311
-5.913969961123264 0.9366808223886287 -0.1564344650402311
-5.987688340595137 7.332803360601762e-16 -0.1564344650402311
-5.913969961123265 -0.9366808223886272 -0.1564344650402311
-5.6946300138675205 -1.8502974542646249 -0.1564344650402311
-5.3350693762768895 -2.7183536220314433 -0.1564344650402311
-4.844141624562195 -3.519474901925412 -0.1564344650402311
-4.233935029266449 -4.233935029266447 -0.1564344650402311
-3.5194749019254132 -4.8441416245621935 -0.1564344650402311
-2.7183536220314446 -5.335069376276889 -0.1564344650402311
-1.8502974542646267 -5.69463001386752 -0.1564344650402311
-0.936680822388629 -5.913969961123264 -0.1564344650402311
-1.0999205040902641e-15 -5.987688340595137 -0.1564344650402311
0.9366808223886268 -5.913969961123265 -0.1564344650402311
1.8502974542646247 -5.6946300138675205 -0.1564344650402311
2.7183536220314433 -5.3350693762768895 -0.1564344650402311
3.5194749019254115 -4.844141624562195 -0.1564344650402311
4.233935029266447 -4.233935029266449 -0.1564344650402311
4.8441416245621935 -3.519474901925414 -0.1564344650402311
5.335069376276889 -2.718353622031445 -0.1564344650402311
5.69463001386752 -1.8502974542646269 -0.1564344650402311
5.913969961123264 -0.9366808223886294 -0.1564344650402311
