6.0 0.0 0.0
5.706339097770921 1.8541019662496843 0.0
4.854101966249685 3.526711513754839 0.0
3.526711513754839 4.854101966249685 0.0
1.8541019662496847 5.706339097770921 0.0
3.6739403974420594e-16 6.0 0.0
-1.854101966249684 5.706339097770922 0.0
-3.5267115137548384 4.854101966249685 0.0
-4.854101966249684 3.5267115137548393 0.0
-5.706339097770921 1.8541019662496852 0.0
-6.0 7.347880794884119e-16 0.0
-5.706339097770922 -1.8541019662496838 0.0
-4.854101966249686 -3.5267115137548384 0.0
-3.5267115137548393 -4.854101966249684 0.0
-1.8541019662496854 -5.706339097770921 0.0
-1.102182119232618e-15 -6.0 0.0
1.8541019662496834 -5.706339097770922 0.0
3.5267115137548375 -4.854101966249686 0.0
4.854101966249684 -3.52671151375484 0.0
5.706339097770921 -1.8541019662496856 0.0
5.951056516295154 0.0 0.3090169943749474
5.6597910786632415 1.8389775980209735 0.3090169943749474
4.814505856168551 3.4979432558373134 0.3090169943749474
3.4979432558373134 4.814505856168551 0.3090169943749474
1.838977598020974 5.6597910786632415 0.3090169943749474
3.6439711571129294e-16 5.951056516295154 0.3090169943749474
-1.8389775980209733 5.659791078663242 0.3090169943749474
-3.4979432558373125 4.814505856168551 0.3090169943749474
-4.81450585616855 3.497943255837314 0.3090169943749474
-5.6597910786632415 1.8389775980209742 0.3090169943749474
-5.951056516295154 7.287942314225859e-16 0.3090169943749474
-5.659791078663242 -1.8389775980209728 0.3090169943749474
-4.814505856168552 -3.4979432558373125 0.3090169943749474
-3.497943255837314 -4.81450585616855 0.3090169943749474
-1.8389775980209746 -5.6597910786632415 0.3090169943749474
-1.0931913471338787e-15 -5.951056516295154 0.3090169943749474
1.8389775980209726 -5.659791078663242 0.3090169943749474
3.497943255837312 -4.814505856168552 0.3090169943749474
4.81450585616855 -3.4979432558373147 0.3090169943749474
5.6597910786632415 -1.8389775980209748 0.3090169943749474
5.8090169943749475 0.0 0.5877852522924731
5.524703465769581 1.795084971874737 0.5877852522924731
4.699593469062211 3.4144545196099423 0.5877852522924731
3.4144545196099423 4.699593469062211 0.5877852522924731
1.7950849718747373 5.524703465769581 0.5877852522924731
3.556997034176929e-16 5.8090169943749475 0.5877852522924731
-1.7950849718747366 5.524703465769582 0.5877852522924731
-3.414454519609942 4.699593469062211 0.5877852522924731
-4.6995934690622105 3.414454519609943 0.5877852522924731
-5.524703465769581 1.7950849718747377 0.5877852522924731
-5.8090169943749475 7.113994068353858e-16 0.5877852522924731
-5.524703465769582 -1.7950849718747364 0.5877852522924731
-4.699593469062211 -3.414454519609942 0.5877852522924731
-3.414454519609943 -4.6995934690622105 0.5877852522924731
-1.795084971874738 -5.524703465769581 0.5877852522924731
-1.0670991102530785e-15 -5.8090169943749475 0.5877852522924731
1.795084971874736 -5.524703465769582 0.5877852522924731
3.4144545196099414 -4.699593469062211 0.5877852522924731
4.6995934690622105 -3.4144545196099436 0.5877852522924731
5.524703465769581 -1.7950849718747381 0.5877852522924731
5.587785252292473 0.0 0.8090169943749475
5.314299575850716 1.7267206038760772 0.8090169943749475
4.520613230022314 3.284417764274892 0.8090169943749475
3.284417764274892 4.520613230022314 0.8090169943749475
1.7267206038760776 5.314299575850716 0.8090169943749475
3.4215316617713816e-16 5.587785252292473 0.8090169943749475
-1.726720603876077 5.314299575850716 0.8090169943749475
-3.2844177642748913 4.520613230022314 0.8090169943749475
-4.520613230022313 3.2844177642748926 0.8090169943749475
-5.314299575850716 1.7267206038760778 0.8090169943749475
-5.587785252292473 6.843063323542763e-16 0.8090169943749475
-5.314299575850716 -1.7267206038760767 0.8090169943749475
-4.520613230022315 -3.2844177642748913 0.8090169943749475
-3.2844177642748926 -4.520613230022313 0.8090169943749475
-1.7267206038760783 -5.314299575850716 0.8090169943749475
-1.0264594985314143e-15 -5.587785252292473 0.8090169943749475
1.7267206038760763 -5.314299575850716 0.8090169943749475
3.284417764274891 -4.520613230022315 0.8090169943749475
4.520613230022313 -3.2844177642748935 0.8090169943749475
5.314299575850716 -1.7267206038760785 0.8090169943749475
5.3090169943749475 0.0 0.9510565162951535
5.049175207622004 1.6405764746872633 0.9510565162951535
4.295084971874737 3.120561893463706 0.9510565162951535
3.120561893463706 4.295084971874737 0.9510565162951535
1.6405764746872635 5.049175207622004 0.9510565162951535
3.2508353343900905e-16 5.3090169943749475 0.9510565162951535
-1.6405764746872629 5.049175207622005 0.9510565162951535
-3.120561893463705 4.295084971874737 0.9510565162951535
-4.295084971874736 3.1205618934637065 0.9510565162951535
-5.049175207622004 1.6405764746872638 0.9510565162951535
-5.3090169943749475 6.501670668780181e-16 0.9510565162951535
-5.049175207622005 -1.6405764746872626 0.9510565162951535
-4.295084971874738 -3.120561893463705 0.9510565162951535
-3.1205618934637065 -4.295084971874736 0.9510565162951535
-1.6405764746872642 -5.049175207622004 0.9510565162951535
-9.752506003170271e-16 -5.3090169943749475 0.9510565162951535
1.6405764746872624 -5.049175207622005 0.9510565162951535
3.1205618934637047 -4.295084971874738 0.9510565162951535
4.295084971874736 -3.120561893463707 0.9510565162951535
5.049175207622004 -1.6405764746872644 0.9510565162951535
5.0 0.0 1.0
4.755282581475767 1.545084971874737 1.0
4.045084971874737 2.938926261462366 1.0
2.938926261462366 4.045084971874737 1.0
1.5450849718747373 4.755282581475767 1.0
3.061616997868383e-16 5.0 1.0
-1.5450849718747368 4.755282581475768 1.0
-2.938926261462365 4.045084971874737 1.0
-4.045084971874736 2.9389262614623664 1.0
-4.755282581475767 1.5450849718747375 1.0
-5.0 6.123233995736766e-16 1.0
-4.755282581475768 -1.5450849718747364 1.0
-4.045084971874738 -2.938926261462365 1.0
-2.9389262614623664 -4.045084971874736 1.0
-1.5450849718747377 -4.755282581475767 1.0
-9.184850993605148e-16 -5.0 1.0
1.5450849718747361 -4.755282581475768 1.0
2.9389262614623646 -4.045084971874738 1.0
4.045084971874736 -2.938926261462367 1.0
4.755282581475767 -1.5450849718747381 1.0
4.6909830056250525 0.0 0.9510565162951536
4.461389955329531 1.4495934690622108 0.9510565162951536
3.7950849718747373 2.7572906294610253 0.9510565162951536
2.7572906294610253 3.7950849718747373 0.9510565162951536
1.449593469062211 4.461389955329531 0.9510565162951536
2.8723986613466753e-16 4.6909830056250525 0.9510565162951536
-1.4495934690622105 4.4613899553295315 0.9510565162951536
-2.757290629461025 3.7950849718747373 0.9510565162951536
-3.795084971874737 2.7572906294610258 0.9510565162951536
-4.461389955329531 1.4495934690622112 0.9510565162951536
-4.6909830056250525 5.744797322693351e-16 0.9510565162951536
-4.4613899553295315 -1.44959346906221 0.9510565162951536
-3.7950849718747377 -2.757290629461025 0.9510565162951536
-2.7572906294610258 -3.795084971874737 0.9510565162951536
-1.4495934690622114 -4.461389955329531 0.9510565162951536
-8.617195984040026e-16 -4.6909830056250525 0.9510565162951536
1.4495934690622099 -4.4613899553295315 0.9510565162951536
2.7572906294610244 -3.7950849718747377 0.9510565162951536
3.795084971874737 -2.7572906294610267 0.9510565162951536
4.461389955329531 -1.4495934690622116 0.9510565162951536
4.412214747707527 0.0 0.8090169943749475
4.19626558710082 1.3634493398733967 0.8090169943749475
3.5695567137271604 2.593434758649839 0.8090169943749475
2.593434758649839 3.5695567137271604 0.8090169943749475
1.363449339873397 4.19626558710082 0.8090169943749475
2.7017023339653846e-16 4.412214747707527 0.8090169943749475
-1.3634493398733964 4.196265587100821 0.8090169943749475
-2.5934347586498387 3.5695567137271604 0.8090169943749475
-3.56955671372716 2.5934347586498396 0.8090169943749475
-4.19626558710082 1.3634493398733971 0.8090169943749475
-4.412214747707527 5.403404667930769e-16 0.8090169943749475
-4.196265587100821 -1.3634493398733962 0.8090169943749475
-3.569556713727161 -2.5934347586498387 0.8090169943749475
-2.5934347586498396 -3.56955671372716 0.8090169943749475
-1.3634493398733973 -4.19626558710082 0.8090169943749475
-8.105107001896153e-16 -4.412214747707527 0.8090169943749475
1.363449339873396 -4.196265587100821 0.8090169943749475
2.5934347586498383 -3.569556713727161 0.8090169943749475
3.56955671372716 -2.59343475864984 0.8090169943749475
4.19626558710082 -1.3634493398733978 0.8090169943749475
4.1909830056250525 0.0 0.5877852522924732
3.9858616971819543 1.295084971874737 0.5877852522924732
3.3905764746872635 2.463398003314789 0.5877852522924732
2.463398003314789 3.3905764746872635 0.5877852522924732
1.2950849718747373 3.9858616971819543 0.5877852522924732
2.566236961559837e-16 4.1909830056250525 0.5877852522924732
-1.2950849718747368 3.9858616971819547 0.5877852522924732
-2.463398003314788 3.3905764746872635 0.5877852522924732
-3.390576474687263 2.4633980033147895 0.5877852522924732
-3.9858616971819543 1.2950849718747375 0.5877852522924732
-4.1909830056250525 5.132473923119674e-16 0.5877852522924732
-3.9858616971819547 -1.2950849718747366 0.5877852522924732
-3.390576474687264 -2.463398003314788 0.5877852522924732
-2.4633980033147895 -3.390576474687263 0.5877852522924732
-1.2950849718747377 -3.9858616971819543 0.5877852522924732
-7.698710884679511e-16 -4.1909830056250525 0.5877852522924732
1.2950849718747364 -3.9858616971819547 0.5877852522924732
2.4633980033147878 -3.390576474687264 0.5877852522924732
3.390576474687263 -2.46339800331479 0.5877852522924732
3.9858616971819543 -1.295084971874738 0.5877852522924732
4.048943483704846 0.0 0.3090169943749475
3.850774084288294 1.2511923457285004 0.3090169943749475
3.2756640875809238 2.379909267087418 0.3090169943749475
2.379909267087418 3.2756640875809238 0.3090169943749475
1.2511923457285006 3.850774084288294 0.3090169943749475
2.479262838623837e-16 4.048943483704846 0.3090169943749475
-1.2511923457285001 3.8507740842882945 0.3090169943749475
-2.3799092670874176 3.2756640875809238 0.3090169943749475
-3.2756640875809233 2.3799092670874185 0.3090169943749475
-3.850774084288294 1.2511923457285008 0.3090169943749475
-4.048943483704846 4.958525677247674e-16 0.3090169943749475
-3.8507740842882945 -1.2511923457285 0.3090169943749475
-3.275664087580924 -2.3799092670874176 0.3090169943749475
-2.3799092670874185 -3.2756640875809233 0.3090169943749475
-1.251192345728501 -3.850774084288294 0.3090169943749475
-7.43778851587151e-16 -4.048943483704846 0.3090169943749475
1.2511923457284997 -3.8507740842882945 0.3090169943749475
2.379909267087417 -3.275664087580924 0.3090169943749475
3.2756640875809233 -2.379909267087419 0.3090169943749475
3.850774084288294 -1.2511923457285012 0.3090169943749475
4.0 0.0 1.2246467991473532e-16
3.804226065180614 1.2360679774997896 1.2246467991473532e-16
3.23606797749979 2.3511410091698925 1.2246467991473532e-16
2.3511410091698925 3.23606797749979 1.2246467991473532e-16
1.2360679774997898 3.804226065180614 1.2246467991473532e-16
2.4492935982947064e-16 4.0 1.2246467991473532e-16
-1.2360679774997894 3.8042260651806146 1.2246467991473532e-16
-2.351141009169892 3.23606797749979 1.2246467991473532e-16
-3.2360679774997894 2.351141009169893 1.2246467991473532e-16
-3.804226065180614 1.23606797749979 1.2246467991473532e-16
-4.0 4.898587196589413e-16 1.2246467991473532e-16
-3.8042260651806146 -1.2360679774997891 1.2246467991473532e-16
-3.2360679774997902 -2.351141009169892 1.2246467991473532e-16
-2.351141009169893 -3.2360679774997894 1.2246467991473532e-16
-1.2360679774997902 -3.804226065180614 1.2246467991473532e-16
-7.347880794884119e-16 -4.0 1.2246467991473532e-16
1.236067977499789 -3.8042260651806146 1.2246467991473532e-16
2.3511410091698917 -3.2360679774997902 1.2246467991473532e-16
3.2360679774997894 -2.3511410091698934 1.2246467991473532e-16
3.804226065180614 -1.2360679774997905 1.2246467991473532e-16
4.048943483704846 0.0 -0.3090169943749473
3.850774084288294 1.2511923457285004 -0.3090169943749473
3.2756640875809238 2.379909267087418 -0.3090169943749473
2.379909267087418 3.2756640875809238 -0.3090169943749473
1.2511923457285006 3.850774084288294 -0.3090169943749473
2.479262838623837e-16 4.048943483704846 -0.3090169943749473
-1.2511923457285001 3.8507740842882945 -0.3090169943749473
-2.3799092670874176 3.2756640875809238 -0.3090169943749473
-3.2756640875809233 2.3799092670874185 -0.3090169943749473
-3.850774084288294 1.2511923457285008 -0.3090169943749473
-4.048943483704846 4.958525677247674e-16 -0.3090169943749473
-3.8507740842882945 -1.2511923457285 -0.3090169943749473
-3.275664087580924 -2.3799092670874176 -0.3090169943749473
-2.3799092670874185 -3.2756640875809233 -0.3090169943749473
-1.251192345728501 -3.850774084288294 -0.3090169943749473
-7.43778851587151e-16 -4.048943483704846 -0.3090169943749473
1.2511923457284997 -3.8507740842882945 -0.3090169943749473
2.379909267087417 -3.275664087580924 -0.3090169943749473
3.2756640875809233 -2.379909267087419 -0.3090169943749473
3.850774084288294 -1.2511923457285012 -0.3090169943749473
4.1909830056250525 0.0 -0.587785252292473
3.9858616971819543 1.295084971874737 -0.587785252292473
3.3905764746872635 2.463398003314789 -0.587785252292473
2.463398003314789 3.3905764746872635 -0.587785252292473
1.2950849718747373 3.9858616971819543 -0.587785252292473
2.566236961559837e-16 4.1909830056250525 -0.587785252292473
-1.2950849718747368 3.9858616971819547 -0.587785252292473
-2.463398003314788 3.3905764746872635 -0.587785252292473
-3.390576474687263 2.4633980033147895 -0.587785252292473
-3.9858616971819543 1.2950849718747375 -0.587785252292473
-4.1909830056250525 5.132473923119674e-16 -0.587785252292473
-3.9858616971819547 -1.2950849718747366 -0.587785252292473
-3.390576474687264 -2.463398003314788 -0.587785252292473
-2.4633980033147895 -3.390576474687263 -0.587785252292473
-1.2950849718747377 -3.9858616971819543 -0.587785252292473
-7.698710884679511e-16 -4.1909830056250525 -0.587785252292473
1.2950849718747364 -3.9858616971819547 -0.587785252292473
2.4633980033147878 -3.390576474687264 -0.587785252292473
3.390576474687263 -2.46339800331479 -0.587785252292473
3.9858616971819543 -1.295084971874738 -0.587785252292473
4.412214747707527 0.0 -0.8090169943749473
4.19626558710082 1.3634493398733967 -0.8090169943749473
3.5695567137271604 2.593434758649839 -0.8090169943749473
2.593434758649839 3.5695567137271604 -0.8090169943749473
1.363449339873397 4.19626558710082 -0.8090169943749473
2.7017023339653846e-16 4.412214747707527 -0.8090169943749473
-1.3634493398733964 4.196265587100821 -0.8090169943749473
-2.5934347586498387 3.5695567137271604 -0.8090169943749473
-3.56955671372716 2.5934347586498396 -0.8090169943749473
-4.19626558710082 1.3634493398733971 -0.8090169943749473
-4.412214747707527 5.403404667930769e-16 -0.8090169943749473
-4.196265587100821 -1.3634493398733962 -0.8090169943749473
-3.569556713727161 -2.5934347586498387 -0.8090169943749473
-2.5934347586498396 -3.56955671372716 -0.8090169943749473
-1.3634493398733973 -4.19626558710082 -0.8090169943749473
-8.105107001896153e-16 -4.412214747707527 -0.8090169943749473
1.363449339873396 -4.196265587100821 -0.8090169943749473
2.5934347586498383 -3.569556713727161 -0.8090169943749473
3.56955671372716 -2.59343475864984 -0.8090169943749473
4.19626558710082 -1.3634493398733978 -0.8090169943749473
4.6909830056250525 0.0 -0.9510565162951535
4.461389955329531 1.4495934690622108 -0.9510565162951535
3.7950849718747373 2.7572906294610253 -0.9510565162951535
2.7572906294610253 3.7950849718747373 -0.9510565162951535
1.449593469062211 4.461389955329531 -0.9510565162951535
2.8723986613466753e-16 4.6909830056250525 -0.9510565162951535
-1.4495934690622105 4.4613899553295315 -0.9510565162951535
-2.757290629461025 3.7950849718747373 -0.9510565162951535
-3.795084971874737 2.7572906294610258 -0.9510565162951535
-4.461389955329531 1.4495934690622112 -0.9510565162951535
-4.6909830056250525 5.744797322693351e-16 -0.9510565162951535
-4.4613899553295315 -1.44959346906221 -0.9510565162951535
-3.7950849718747377 -2.757290629461025 -0.9510565162951535
-2.7572906294610258 -3.795084971874737 -0.9510565162951535
-1.4495934690622114 -4.461389955329531 -0.9510565162951535
-8.617195984040026e-16 -4.6909830056250525 -0.9510565162951535
1.4495934690622099 -4.4613899553295315 -0.9510565162951535
2.7572906294610244 -3.7950849718747377 -0.9510565162951535
3.795084971874737 -2.7572906294610267 -0.9510565162951535
4.461389955329531 -1.4495934690622116 -0.9510565162951535
5.0 0.0 -1.0
4.755282581475767 1.545084971874737 -1.0
4.045084971874737 2.938926261462366 -1.0
2.938926261462366 4.045084971874737 -1.0
1.5450849718747373 4.755282581475767 -1.0
3.061616997868383e-16 5.0 -1.0
-1.5450849718747368 4.755282581475768 -1.0
-2.938926261462365 4.045084971874737 -1.0
-4.045084971874736 2.9389262614623664 -1.0
-4.755282581475767 1.5450849718747375 -1.0
-5.0 6.123233995736766e-16 -1.0
-4.755282581475768 -1.5450849718747364 -1.0
-4.045084971874738 -2.938926261462365 -1.0
-2.9389262614623664 -4.045084971874736 -1.0
-1.5450849718747377 -4.755282581475767 -1.0
-9.184850993605148e-16 -5.0 -1.0
1.5450849718747361 -4.755282581475768 -1.0
2.9389262614623646 -4.045084971874738 -1.0
4.045084971874736 -2.938926261462367 -1.0
4.755282581475767 -1.5450849718747381 -1.0
5.3090169943749475 0.0 -0.9510565162951536
5.049175207622004 1.6405764746872633 -0.9510565162951536
4.295084971874737 3.120561893463706 -0.9510565162951536
3.120561893463706 4.295084971874737 -0.9510565162951536
1.6405764746872635 5.049175207622004 -0.9510565162951536
3.2508353343900905e-16 5.3090169943749475 -0.9510565162951536
-1.6405764746872629 5.049175207622005 -0.9510565162951536
-3.120561893463705 4.295084971874737 -0.9510565162951536
-4.295084971874736 3.1205618934637065 -0.9510565162951536
-5.049175207622004 1.6405764746872638 -0.9510565162951536
-5.3090169943749475 6.501670668780181e-16 -0.9510565162951536
-5.049175207622005 -1.6405764746872626 -0.9510565162951536
-4.295084971874738 -3.120561893463705 -0.9510565162951536
-3.1205618934637065 -4.295084971874736 -0.9510565162951536
-1.6405764746872642 -5.049175207622004 -0.9510565162951536
-9.752506003170271e-16 -5.3090169943749475 -0.9510565162951536
1.6405764746872624 -5.049175207622005 -0.9510565162951536
3.1205618934637047 -4.295084971874738 -0.9510565162951536
4.295084971874736 -3.120561893463707 -0.9510565162951536
5.049175207622004 -1.6405764746872644 -0.9510565162951536
5.587785252292473 0.0 -0.8090169943749476
5.314299575850716 1.7267206038760772 -0.8090169943749476
4.520613230022314 3.284417764274892 -0.8090169943749476
3.284417764274892 4.520613230022314 -0.8090169943749476
1.7267206038760776 5.314299575850716 -0.8090169943749476
3.4215316617713816e-16 5.587785252292473 -0.8090169943749476
-1.726720603876077 5.314299575850716 -0.8090169943749476
-3.2844177642748913 4.520613230022314 -0.8090169943749476
-4.520613230022313 3.2844177642748926 -0.8090169943749476
-5.314299575850716 1.7267206038760778 -0.8090169943749476
-5.587785252292473 6.843063323542763e-16 -0.8090169943749476
-5.314299575850716 -1.7267206038760767 -0.8090169943749476
-4.520613230022315 -3.2844177642748913 -0.8090169943749476
-3.2844177642748926 -4.520613230022313 -0.8090169943749476
-1.7267206038760783 -5.314299575850716 -0.8090169943749476
-1.0264594985314143e-15 -5.587785252292473 -0.8090169943749476
1.7267206038760763 -5.314299575850716 -0.8090169943749476
3.284417764274891 -4.520613230022315 -0.8090169943749476
4.520613230022313 -3.2844177642748935 -0.8090169943749476
5.314299575850716 -1.7267206038760785 -0.8090169943749476
5.8090169943749475 0.0 -0.5877852522924734
5.524703465769581 1.795084971874737 -0.5877852522924734
4.699593469062211 3.4144545196099423 -0.5877852522924734
3.4144545196099423 4.699593469062211 -0.5877852522924734
1.7950849718747373 5.524703465769581 -0.5877852522924734
3.556997034176929e-16 5.8090169943749475 -0.5877852522924734
-1.7950849718747366 5.524703465769582 -0.5877852522924734
-3.414454519609942 4.699593469062211 -0.5877852522924734
-4.6995934690622105 3.414454519609943 -0.5877852522924734
-5.524703465769581 1.7950849718747377 -0.5877852522924734
-5.8090169943749475 7.113994068353858e-16 -0.5877852522924734
-5.524703465769582 -1.7950849718747364 -0.5877852522924734
-4.699593469062211 -3.414454519609942 -0.5877852522924734
-3.414454519609943 -4.6995934690622105 -0.5877852522924734
-1.795084971874738 -5.524703465769581 -0.5877852522924734
-1.0670991102530785e-15 -5.8090169943749475 -0.5877852522924734
1.795084971874736 -5.524703465769582 -0.5877852522924734
3.4144545196099414 -4.699593469062211 -0.5877852522924734
4.6995934690622105 -3.4144545196099436 -0.5877852522924734
5.524703465769581 -1.7950849718747381 -0.5877852522924734
5.951056516295154 0.0 -0.3090169943749476
5.6597910786632415 1.8389775980209735 -0.3090169943749476
4.814505856168551 3.4979432558373134 -0.3090169943749476
3.4979432558373134 4.814505856168551 -0.3090169943749476
1.838977598020974 5.6597910786632415 -0.3090169943749476
3.6439711571129294e-16 5.951056516295154 -0.3090169943749476
-1.8389775980209733 5.659791078663242 -0.3090169943749476
-3.4979432558373125 4.814505856168551 -0.3090169943749476
-4.81450585616855 3.497943255837314 -0.3090169943749476
-5.6597910786632415 1.8389775980209742 -0.3090169943749476
-5.951056516295154 7.287942314225859e-16 -0.3090169943749476
-5.659791078663242 -1.8389775980209728 -0.3090169943749476
-4.814505856168552 -3.4979432558373125 -0.3090169943749476
-3.497943255837314 -4.81450585616855 -0.3090169943749476
-1.8389775980209746 -5.6597910786632415 -0.3090169943749476
-1.0931913471338787e-15 -5.951056516295154 -0.3090169943749476
1.8389775980209726 -5.659791078663242 -0.3090169943749476
3.497943255837312 -4.814505856168552 -0.3090169943749476
4.81450585616855 -3.4979432558373147 -0.3090169943749476
5.6597910786632415 -1.8389775980209748 -0.3090169943749476
